1 0 2
0 1 2
2 0 4
0 2 4
3 0 10
0 3 10
4 0 3
0 4 3
5 2 2
2 5 2
6 5 5
5 6 5
7 6 9
6 7 9
8 2 9
2 8 9
9 2 4
2 9 4
10 1 7
1 10 7
11 2 9
2 11 9
12 1 3
1 12 3
13 4 4
4 13 4
14 8 8
8 14 8
15 4 6
4 15 6
16 4 9
4 16 9
17 6 4
6 17 4
18 8 2
8 18 2
19 5 7
5 19 7
20 14 5
14 20 5
21 20 8
20 21 8
22 16 4
16 22 4
23 2 5
2 23 5
24 19 3
19 24 3
25 17 2
17 25 2
26 2 8
2 26 8
27 22 3
22 27 3
28 18 8
18 28 8
29 27 4
27 29 4
30 18 4
18 30 4
31 29 6
29 31 6
32 9 5
9 32 5
33 24 6
24 33 6
34 29 5
29 34 5
35 17 1
17 35 1
36 20 8
20 36 8
37 16 4
16 37 4
38 32 5
32 38 5
39 32 7
32 39 7
40 15 8
15 40 8
41 40 3
40 41 3
42 12 8
12 42 8
43 6 5
6 43 5
44 23 8
23 44 8
45 15 8
15 45 8
46 21 8
21 46 8
47 7 2
7 47 2
48 46 3
46 48 3
49 20 5
20 49 5
50 18 4
18 50 4
51 37 9
37 51 9
52 23 5
23 52 5
53 51 6
51 53 6
54 1 8
1 54 8
55 19 1
19 55 1
56 22 8
22 56 8
57 48 2
48 57 2
58 28 2
28 58 2
59 25 6
25 59 6
60 26 10
26 60 10
61 6 8
6 61 8
62 49 7
49 62 7
63 8 3
8 63 3
64 25 4
25 64 4
65 12 5
12 65 5
66 61 4
61 66 4
67 51 3
51 67 3
68 51 4
51 68 4
69 59 6
59 69 6
70 1 10
1 70 10
71 18 7
18 71 7
72 55 7
55 72 7
73 16 7
16 73 7
74 8 9
8 74 9
75 67 1
67 75 1
76 1 1
1 76 1
77 57 7
57 77 7
78 1 6
1 78 6
79 51 9
51 79 9
80 67 7
67 80 7
81 63 3
63 81 3
82 12 4
12 82 4
83 32 6
32 83 6
84 24 6
24 84 6
85 14 4
14 85 4
86 39 3
39 86 3
87 45 4
45 87 4
88 51 8
51 88 8
89 5 6
5 89 6
90 48 5
48 90 5
91 52 2
52 91 2
92 69 3
69 92 3
93 61 9
61 93 9
94 71 1
71 94 1
95 27 10
27 95 10
96 35 6
35 96 6
97 32 3
32 97 3
98 70 9
70 98 9
99 79 4
79 99 4
