0 1 4
0 2 9999
0 3 3
0 4 3
0 5 9999
0 6 8
0 7 9999
0 8 9999
0 9 9999
0 10 9999
0 11 9999
0 12 9999
0 13 9999
0 14 9999
0 15 9999
0 16 9999
0 17 9999
0 18 9999
0 19 9999
0 20 9999
0 21 9999
0 22 9999
0 23 9999
0 24 9999
0 25 9999
0 26 9999
0 27 9999
0 28 9999
0 29 9999
0 30 9999
0 31 9999
0 32 9999
0 33 9999
0 34 9999
0 35 9999
0 36 9999
0 37 9999
0 38 9999
0 39 9999
0 40 9999
0 41 9999
0 42 9999
0 43 9999
0 44 9999
0 45 9999
0 46 9999
0 47 9999
0 48 9999
0 49 9999
0 50 9999
0 51 9999
0 52 9999
0 53 9999
0 54 9999
0 55 9999
0 56 9999
0 57 9999
0 58 9999
0 59 9999
0 60 9999
0 61 9999
0 62 9999
0 63 9999
0 64 9999
0 65 9999
0 66 9999
0 67 9999
0 68 9999
0 69 9999
0 70 9999
0 71 9999
0 72 9999
0 73 9999
0 74 9999
0 75 9999
0 76 9999
0 77 9999
0 78 9999
0 79 9999
0 80 9999
0 81 9999
0 82 9999
0 83 9999
0 84 9999
0 85 9999
0 86 9999
0 87 9999
0 88 9999
0 89 9999
0 90 9999
0 91 9999
0 92 9999
0 93 9999
0 94 9999
0 95 9999
0 96 9999
0 97 9999
0 98 9999
0 99 9999
1 2 7
1 3 9999
1 4 9999
1 5 9
1 6 9999
1 7 8
1 8 9999
1 9 9999
1 10 4
1 11 9999
1 12 9999
1 13 9999
1 14 9999
1 15 9999
1 16 9999
1 17 9999
1 18 9999
1 19 9999
1 20 9999
1 21 9999
1 22 9999
1 23 9999
1 24 9999
1 25 9999
1 26 9999
1 27 1
1 28 9999
1 29 9999
1 30 9999
1 31 9999
1 32 9999
1 33 9999
1 34 9999
1 35 9999
1 36 9999
1 37 9999
1 38 9999
1 39 9999
1 40 9999
1 41 9999
1 42 9999
1 43 10
1 44 9999
1 45 9999
1 46 9999
1 47 9999
1 48 9999
1 49 9999
1 50 9999
1 51 9999
1 52 9999
1 53 9999
1 54 9999
1 55 9999
1 56 9999
1 57 9999
1 58 9999
1 59 9999
1 60 9999
1 61 9999
1 62 9999
1 63 9999
1 64 9999
1 65 9999
1 66 9999
1 67 9999
1 68 9999
1 69 9999
1 70 9999
1 71 9999
1 72 9999
1 73 9999
1 74 9999
1 75 9999
1 76 9999
1 77 9999
1 78 9999
1 79 9999
1 80 9999
1 81 9999
1 82 9999
1 83 9999
1 84 9999
1 85 9999
1 86 9999
1 87 9999
1 88 9999
1 89 9999
1 90 9999
1 91 9999
1 92 9999
1 93 9999
1 94 9999
1 95 9999
1 96 9999
1 97 9999
1 98 9999
1 99 9999
2 3 9999
2 4 9999
2 5 9999
2 6 9999
2 7 9999
2 8 9999
2 9 9999
2 10 9999
2 11 9999
2 12 9999
2 13 9999
2 14 9999
2 15 9999
2 16 9999
2 17 9999
2 18 9999
2 19 9999
2 20 1
2 21 9999
2 22 9999
2 23 9999
2 24 9999
2 25 9999
2 26 9999
2 27 9999
2 28 9999
2 29 9999
2 30 9999
2 31 9999
2 32 5
2 33 9999
2 34 9999
2 35 9999
2 36 9999
2 37 9999
2 38 9999
2 39 1
2 40 9999
2 41 9999
2 42 9999
2 43 9999
2 44 9999
2 45 9999
2 46 9999
2 47 9999
2 48 9999
2 49 9999
2 50 9999
2 51 9999
2 52 9999
2 53 9999
2 54 9999
2 55 9999
2 56 9999
2 57 9999
2 58 9999
2 59 9999
2 60 9999
2 61 9999
2 62 9999
2 63 9999
2 64 9999
2 65 9999
2 66 9999
2 67 9999
2 68 9999
2 69 9999
2 70 9999
2 71 9999
2 72 9999
2 73 9999
2 74 9999
2 75 9999
2 76 9999
2 77 9999
2 78 9999
2 79 9999
2 80 9999
2 81 9999
2 82 9999
2 83 9999
2 84 9999
2 85 9999
2 86 9999
2 87 9999
2 88 9999
2 89 9999
2 90 9999
2 91 9999
2 92 9999
2 93 9999
2 94 9999
2 95 9999
2 96 9999
2 97 9999
2 98 9999
2 99 9999
3 4 9999
3 5 9999
3 6 9999
3 7 9999
3 8 2
3 9 9999
3 10 9999
3 11 5
3 12 9999
3 13 9999
3 14 9999
3 15 9999
3 16 9999
3 17 9999
3 18 9999
3 19 9999
3 20 9999
3 21 9999
3 22 9999
3 23 9999
3 24 9999
3 25 9999
3 26 7
3 27 9999
3 28 9999
3 29 9999
3 30 9999
3 31 9999
3 32 9999
3 33 9999
3 34 9999
3 35 9999
3 36 9999
3 37 9999
3 38 9999
3 39 9999
3 40 9999
3 41 9999
3 42 9999
3 43 9999
3 44 9999
3 45 9999
3 46 9999
3 47 1
3 48 9999
3 49 9999
3 50 9999
3 51 9999
3 52 9999
3 53 9999
3 54 9999
3 55 9999
3 56 9999
3 57 9999
3 58 9999
3 59 9999
3 60 9999
3 61 9999
3 62 9999
3 63 9
3 64 9999
3 65 9999
3 66 9999
3 67 9999
3 68 9
3 69 9999
3 70 9999
3 71 9999
3 72 9999
3 73 9999
3 74 9999
3 75 9999
3 76 9999
3 77 9999
3 78 9999
3 79 9999
3 80 9999
3 81 9999
3 82 9999
3 83 9999
3 84 3
3 85 9999
3 86 9999
3 87 9999
3 88 9999
3 89 9999
3 90 9999
3 91 9999
3 92 9999
3 93 9999
3 94 9999
3 95 9999
3 96 9999
3 97 9999
3 98 9999
3 99 9999
4 5 9999
4 6 9999
4 7 9999
4 8 9999
4 9 9999
4 10 9999
4 11 9999
4 12 4
4 13 9999
4 14 9999
4 15 9999
4 16 9999
4 17 9999
4 18 9999
4 19 9999
4 20 9999
4 21 9999
4 22 3
4 23 9999
4 24 9999
4 25 9999
4 26 9999
4 27 9999
4 28 9999
4 29 9999
4 30 9999
4 31 9999
4 32 9999
4 33 9999
4 34 6
4 35 9999
4 36 9999
4 37 9999
4 38 9999
4 39 9999
4 40 9999
4 41 9999
4 42 9999
4 43 9999
4 44 9999
4 45 9999
4 46 9999
4 47 9999
4 48 9999
4 49 9999
4 50 9999
4 51 9999
4 52 9999
4 53 3
4 54 9999
4 55 9999
4 56 9999
4 57 9999
4 58 9999
4 59 9999
4 60 9999
4 61 9999
4 62 9999
4 63 9999
4 64 9999
4 65 9999
4 66 9999
4 67 9999
4 68 9999
4 69 9999
4 70 9999
4 71 9999
4 72 9999
4 73 9999
4 74 9999
4 75 9999
4 76 9999
4 77 9999
4 78 9999
4 79 9999
4 80 9999
4 81 9999
4 82 9999
4 83 9999
4 84 9999
4 85 9999
4 86 9999
4 87 9999
4 88 9999
4 89 9999
4 90 9999
4 91 9999
4 92 9999
4 93 9999
4 94 9999
4 95 9999
4 96 9999
4 97 9999
4 98 9999
4 99 9999
5 6 9999
5 7 9999
5 8 9999
5 9 6
5 10 9999
5 11 9999
5 12 9999
5 13 9999
5 14 9999
5 15 9999
5 16 9999
5 17 9999
5 18 9999
5 19 9999
5 20 9999
5 21 9999
5 22 9999
5 23 9999
5 24 9999
5 25 9999
5 26 9999
5 27 9999
5 28 9999
5 29 9999
5 30 9999
5 31 9999
5 32 9999
5 33 9999
5 34 9999
5 35 9999
5 36 9999
5 37 9999
5 38 9999
5 39 9999
5 40 9999
5 41 9999
5 42 9999
5 43 9999
5 44 9999
5 45 9999
5 46 9999
5 47 9999
5 48 9999
5 49 9999
5 50 9999
5 51 9999
5 52 9999
5 53 9999
5 54 9999
5 55 9999
5 56 9999
5 57 9999
5 58 9999
5 59 9999
5 60 9999
5 61 9999
5 62 9999
5 63 9999
5 64 9999
5 65 9999
5 66 9999
5 67 9999
5 68 9999
5 69 9999
5 70 9999
5 71 9999
5 72 9999
5 73 9999
5 74 9999
5 75 9999
5 76 9999
5 77 9999
5 78 9999
5 79 9999
5 80 9999
5 81 9999
5 82 9999
5 83 9999
5 84 9999
5 85 9999
5 86 9999
5 87 9999
5 88 9999
5 89 9999
5 90 9999
5 91 9999
5 92 9999
5 93 9999
5 94 9999
5 95 9999
5 96 9999
5 97 9999
5 98 9999
5 99 9999
6 7 9999
6 8 9999
6 9 9999
6 10 9999
6 11 9999
6 12 9999
6 13 9999
6 14 9999
6 15 9999
6 16 9999
6 17 9999
6 18 9999
6 19 9999
6 20 9999
6 21 9999
6 22 9999
6 23 9999
6 24 9999
6 25 9999
6 26 9999
6 27 9999
6 28 9999
6 29 2
6 30 9999
6 31 9999
6 32 9999
6 33 9999
6 34 9999
6 35 9999
6 36 9999
6 37 9999
6 38 9999
6 39 9999
6 40 9999
6 41 9999
6 42 9999
6 43 9999
6 44 9999
6 45 9999
6 46 9999
6 47 9999
6 48 9999
6 49 9999
6 50 9999
6 51 9999
6 52 9999
6 53 9999
6 54 9999
6 55 9999
6 56 9999
6 57 9999
6 58 9999
6 59 9999
6 60 9999
6 61 4
6 62 9999
6 63 9999
6 64 9999
6 65 9999
6 66 9999
6 67 9999
6 68 9999
6 69 9999
6 70 9999
6 71 9999
6 72 9999
6 73 9999
6 74 9999
6 75 9999
6 76 9999
6 77 9999
6 78 9999
6 79 9999
6 80 9999
6 81 9999
6 82 9999
6 83 9999
6 84 9999
6 85 9999
6 86 9999
6 87 9999
6 88 9999
6 89 9999
6 90 9999
6 91 9999
6 92 7
6 93 9999
6 94 9999
6 95 9999
6 96 9999
6 97 9999
6 98 9999
6 99 9999
7 8 9999
7 9 9999
7 10 9999
7 11 9999
7 12 9999
7 13 9999
7 14 9999
7 15 9999
7 16 9999
7 17 9999
7 18 9999
7 19 6
7 20 9999
7 21 9999
7 22 9999
7 23 9999
7 24 9999
7 25 9999
7 26 9999
7 27 9999
7 28 9999
7 29 9999
7 30 9999
7 31 9999
7 32 9999
7 33 9999
7 34 9999
7 35 9999
7 36 9999
7 37 9999
7 38 9999
7 39 9999
7 40 9999
7 41 9999
7 42 9999
7 43 9999
7 44 9999
7 45 9999
7 46 9999
7 47 9999
7 48 9999
7 49 9999
7 50 9999
7 51 9999
7 52 9999
7 53 9999
7 54 7
7 55 9999
7 56 9999
7 57 9999
7 58 9999
7 59 9999
7 60 9999
7 61 9999
7 62 9999
7 63 9999
7 64 9999
7 65 9999
7 66 9999
7 67 9999
7 68 9999
7 69 9999
7 70 9999
7 71 9999
7 72 9999
7 73 9999
7 74 8
7 75 9999
7 76 9999
7 77 9999
7 78 9999
7 79 9999
7 80 9999
7 81 9999
7 82 9999
7 83 9999
7 84 9999
7 85 9999
7 86 9999
7 87 9999
7 88 9999
7 89 9999
7 90 9999
7 91 9999
7 92 9999
7 93 9999
7 94 9999
7 95 9999
7 96 9999
7 97 9999
7 98 9999
7 99 9999
8 9 9999
8 10 9999
8 11 9999
8 12 9999
8 13 9999
8 14 2
8 15 3
8 16 9999
8 17 9999
8 18 9999
8 19 9999
8 20 9999
8 21 9999
8 22 9999
8 23 9999
8 24 9999
8 25 9999
8 26 9999
8 27 9999
8 28 9999
8 29 9999
8 30 9999
8 31 9999
8 32 9999
8 33 9999
8 34 9999
8 35 9999
8 36 9999
8 37 9999
8 38 9999
8 39 9999
8 40 9999
8 41 9999
8 42 9999
8 43 9999
8 44 9999
8 45 9999
8 46 9999
8 47 9999
8 48 9999
8 49 9999
8 50 9999
8 51 9999
8 52 9999
8 53 9999
8 54 9999
8 55 9999
8 56 9999
8 57 9999
8 58 9999
8 59 9999
8 60 9999
8 61 9999
8 62 9999
8 63 9999
8 64 9999
8 65 9999
8 66 9999
8 67 9999
8 68 9999
8 69 9999
8 70 9999
8 71 9999
8 72 9999
8 73 9999
8 74 9999
8 75 9999
8 76 9999
8 77 9999
8 78 9999
8 79 9999
8 80 9999
8 81 9999
8 82 9999
8 83 9999
8 84 9999
8 85 9999
8 86 9999
8 87 9999
8 88 9999
8 89 9999
8 90 9999
8 91 9999
8 92 9999
8 93 9999
8 94 9999
8 95 9999
8 96 9999
8 97 9999
8 98 9999
8 99 9999
9 10 9999
9 11 9999
9 12 9999
9 13 9999
9 14 9999
9 15 9999
9 16 9999
9 17 9
9 18 9999
9 19 9999
9 20 9999
9 21 9999
9 22 9999
9 23 9999
9 24 9999
9 25 9999
9 26 9999
9 27 9999
9 28 9999
9 29 9999
9 30 9999
9 31 9999
9 32 9999
9 33 9999
9 34 9999
9 35 9999
9 36 9999
9 37 9999
9 38 9999
9 39 9999
9 40 9999
9 41 9999
9 42 9999
9 43 9999
9 44 9999
9 45 9999
9 46 9999
9 47 9999
9 48 9999
9 49 9999
9 50 9999
9 51 9999
9 52 9999
9 53 9999
9 54 9999
9 55 9999
9 56 9999
9 57 9999
9 58 9999
9 59 9999
9 60 9999
9 61 9999
9 62 9999
9 63 9999
9 64 9999
9 65 9999
9 66 9999
9 67 9999
9 68 9999
9 69 9999
9 70 9999
9 71 9999
9 72 9999
9 73 9999
9 74 9999
9 75 9999
9 76 9999
9 77 9999
9 78 9999
9 79 9999
9 80 9999
9 81 9999
9 82 9999
9 83 9999
9 84 9999
9 85 9999
9 86 9999
9 87 3
9 88 9999
9 89 9999
9 90 9999
9 91 9999
9 92 9999
9 93 9999
9 94 9999
9 95 9999
9 96 9999
9 97 9999
9 98 9999
9 99 9999
10 11 9999
10 12 9999
10 13 8
10 14 9999
10 15 9999
10 16 9999
10 17 9999
10 18 9999
10 19 9999
10 20 9999
10 21 9999
10 22 9999
10 23 9999
10 24 9999
10 25 9999
10 26 9999
10 27 9999
10 28 9999
10 29 9999
10 30 9999
10 31 9999
10 32 9999
10 33 9999
10 34 9999
10 35 9999
10 36 9999
10 37 9999
10 38 9999
10 39 9999
10 40 9999
10 41 9999
10 42 9999
10 43 9999
10 44 9999
10 45 9999
10 46 9999
10 47 9999
10 48 9999
10 49 9999
10 50 9999
10 51 9999
10 52 9999
10 53 9999
10 54 9999
10 55 9999
10 56 9999
10 57 9999
10 58 9999
10 59 9999
10 60 9999
10 61 9999
10 62 9999
10 63 9999
10 64 9999
10 65 9999
10 66 9999
10 67 9999
10 68 9999
10 69 9999
10 70 9999
10 71 9999
10 72 9999
10 73 9999
10 74 9999
10 75 9999
10 76 9999
10 77 9999
10 78 9999
10 79 9999
10 80 9999
10 81 10
10 82 9999
10 83 9999
10 84 9999
10 85 9999
10 86 9999
10 87 9999
10 88 9999
10 89 9999
10 90 9999
10 91 9999
10 92 9999
10 93 9999
10 94 9999
10 95 9999
10 96 9999
10 97 9999
10 98 9999
10 99 9999
11 12 9999
11 13 9999
11 14 9999
11 15 9999
11 16 9999
11 17 9999
11 18 9999
11 19 9999
11 20 9999
11 21 9999
11 22 9999
11 23 9999
11 24 1
11 25 9999
11 26 9999
11 27 9999
11 28 9999
11 29 9999
11 30 9999
11 31 9999
11 32 9999
11 33 9999
11 34 9999
11 35 9999
11 36 9999
11 37 9999
11 38 9999
11 39 9999
11 40 9999
11 41 9999
11 42 9999
11 43 9999
11 44 9999
11 45 9999
11 46 9999
11 47 9999
11 48 9999
11 49 9999
11 50 9999
11 51 9999
11 52 9999
11 53 9999
11 54 9999
11 55 9999
11 56 9999
11 57 9999
11 58 9999
11 59 9
11 60 9999
11 61 9999
11 62 9999
11 63 9999
11 64 9999
11 65 9999
11 66 9999
11 67 9999
11 68 9999
11 69 9999
11 70 9999
11 71 9999
11 72 9999
11 73 9999
11 74 9999
11 75 9999
11 76 9999
11 77 9999
11 78 9999
11 79 9999
11 80 9999
11 81 9999
11 82 9999
11 83 9999
11 84 9999
11 85 9999
11 86 9999
11 87 9999
11 88 9999
11 89 9999
11 90 9999
11 91 9999
11 92 9999
11 93 9999
11 94 9999
11 95 9999
11 96 9999
11 97 9999
11 98 9999
11 99 9999
12 13 9999
12 14 9999
12 15 9999
12 16 9999
12 17 9999
12 18 9999
12 19 9999
12 20 9999
12 21 9999
12 22 9999
12 23 9999
12 24 9999
12 25 9999
12 26 9999
12 27 9999
12 28 9999
12 29 9999
12 30 9999
12 31 9999
12 32 9999
12 33 9999
12 34 9999
12 35 9999
12 36 9999
12 37 9999
12 38 9999
12 39 9999
12 40 9999
12 41 9999
12 42 9999
12 43 9999
12 44 9999
12 45 9999
12 46 9999
12 47 9999
12 48 9999
12 49 9999
12 50 9999
12 51 9999
12 52 9999
12 53 9999
12 54 9999
12 55 9999
12 56 9999
12 57 9999
12 58 9999
12 59 9999
12 60 9999
12 61 9999
12 62 9999
12 63 9999
12 64 9999
12 65 9999
12 66 9999
12 67 9999
12 68 9999
12 69 9999
12 70 9999
12 71 9999
12 72 9999
12 73 9999
12 74 9999
12 75 9999
12 76 9999
12 77 9999
12 78 9999
12 79 9999
12 80 9999
12 81 9999
12 82 9999
12 83 9999
12 84 9999
12 85 9999
12 86 9999
12 87 9999
12 88 9999
12 89 9999
12 90 9999
12 91 9999
12 92 9999
12 93 9999
12 94 9999
12 95 9999
12 96 9999
12 97 9999
12 98 9999
12 99 9999
13 14 9999
13 15 9999
13 16 3
13 17 9999
13 18 9999
13 19 9999
13 20 9999
13 21 8
13 22 9999
13 23 9999
13 24 9999
13 25 9999
13 26 9999
13 27 9999
13 28 9999
13 29 9999
13 30 9999
13 31 9999
13 32 9999
13 33 2
13 34 9999
13 35 9999
13 36 9999
13 37 9999
13 38 9999
13 39 9999
13 40 9999
13 41 9999
13 42 9999
13 43 9999
13 44 9999
13 45 9999
13 46 9999
13 47 9999
13 48 9999
13 49 9999
13 50 9999
13 51 9999
13 52 3
13 53 9999
13 54 9999
13 55 9999
13 56 9999
13 57 9999
13 58 9999
13 59 9999
13 60 9999
13 61 9999
13 62 9999
13 63 9999
13 64 9999
13 65 9999
13 66 6
13 67 9999
13 68 9999
13 69 9999
13 70 9999
13 71 9999
13 72 9999
13 73 9999
13 74 9999
13 75 9999
13 76 9999
13 77 9999
13 78 9999
13 79 9999
13 80 9999
13 81 9999
13 82 9999
13 83 9999
13 84 9999
13 85 9999
13 86 9999
13 87 9999
13 88 9999
13 89 9999
13 90 9999
13 91 9999
13 92 9999
13 93 9999
13 94 9999
13 95 9999
13 96 9999
13 97 9999
13 98 9999
13 99 9999
14 15 9999
14 16 9999
14 17 9999
14 18 6
14 19 9999
14 20 9999
14 21 9999
14 22 9999
14 23 6
14 24 9999
14 25 9999
14 26 9999
14 27 9999
14 28 9999
14 29 9999
14 30 9999
14 31 9999
14 32 9999
14 33 9999
14 34 9999
14 35 9999
14 36 9999
14 37 9999
14 38 9999
14 39 9999
14 40 9999
14 41 9999
14 42 9999
14 43 9999
14 44 9999
14 45 9999
14 46 9999
14 47 9999
14 48 9999
14 49 9999
14 50 9999
14 51 9999
14 52 9999
14 53 9999
14 54 9999
14 55 9999
14 56 9999
14 57 9999
14 58 9999
14 59 9999
14 60 9999
14 61 9999
14 62 9999
14 63 9999
14 64 9999
14 65 9999
14 66 9999
14 67 9999
14 68 9999
14 69 9999
14 70 9999
14 71 9999
14 72 9999
14 73 9999
14 74 9999
14 75 9999
14 76 9999
14 77 9999
14 78 9999
14 79 9999
14 80 9999
14 81 9999
14 82 9999
14 83 9999
14 84 9999
14 85 9999
14 86 9999
14 87 9999
14 88 9999
14 89 9999
14 90 9999
14 91 9999
14 92 9999
14 93 9999
14 94 9999
14 95 9999
14 96 9999
14 97 9999
14 98 9999
14 99 9999
15 16 9999
15 17 9999
15 18 9999
15 19 9999
15 20 9999
15 21 9999
15 22 9999
15 23 9999
15 24 9999
15 25 9999
15 26 9999
15 27 9999
15 28 9999
15 29 9999
15 30 9999
15 31 9999
15 32 9999
15 33 9999
15 34 9999
15 35 9999
15 36 9999
15 37 9999
15 38 9999
15 39 9999
15 40 9999
15 41 9999
15 42 9999
15 43 9999
15 44 9999
15 45 9999
15 46 9999
15 47 9999
15 48 9999
15 49 9999
15 50 9999
15 51 9999
15 52 9999
15 53 9999
15 54 9999
15 55 9999
15 56 9999
15 57 9999
15 58 9999
15 59 9999
15 60 9999
15 61 9999
15 62 9999
15 63 9999
15 64 9999
15 65 9999
15 66 9999
15 67 9999
15 68 9999
15 69 9999
15 70 9999
15 71 9999
15 72 9999
15 73 9999
15 74 9999
15 75 9999
15 76 9999
15 77 9999
15 78 9999
15 79 9999
15 80 9999
15 81 9999
15 82 9999
15 83 9999
15 84 9999
15 85 9999
15 86 9999
15 87 9999
15 88 9999
15 89 9999
15 90 9999
15 91 9999
15 92 9999
15 93 9999
15 94 9999
15 95 9999
15 96 9999
15 97 9999
15 98 9999
15 99 9999
16 17 9999
16 18 9999
16 19 9999
16 20 9999
16 21 9999
16 22 9999
16 23 9999
16 24 9999
16 25 9999
16 26 9999
16 27 9999
16 28 9999
16 29 9999
16 30 9999
16 31 9999
16 32 9999
16 33 9999
16 34 9999
16 35 9999
16 36 9999
16 37 9999
16 38 9999
16 39 9999
16 40 9999
16 41 9999
16 42 9999
16 43 9999
16 44 9999
16 45 9999
16 46 9999
16 47 9999
16 48 9999
16 49 9999
16 50 9999
16 51 9999
16 52 9999
16 53 9999
16 54 9999
16 55 9999
16 56 9999
16 57 9999
16 58 9999
16 59 9999
16 60 9999
16 61 9999
16 62 9999
16 63 9999
16 64 9999
16 65 9999
16 66 9999
16 67 9999
16 68 9999
16 69 9999
16 70 9999
16 71 9999
16 72 9999
16 73 9999
16 74 9999
16 75 9999
16 76 9999
16 77 9999
16 78 9999
16 79 9999
16 80 9999
16 81 9999
16 82 9999
16 83 9999
16 84 9999
16 85 9999
16 86 9999
16 87 9999
16 88 9999
16 89 9999
16 90 9999
16 91 9999
16 92 9999
16 93 9999
16 94 9999
16 95 7
16 96 9999
16 97 9999
16 98 9999
16 99 9999
17 18 9999
17 19 9999
17 20 9999
17 21 9999
17 22 9999
17 23 9999
17 24 9999
17 25 9999
17 26 9999
17 27 9999
17 28 9999
17 29 9999
17 30 9999
17 31 9999
17 32 9999
17 33 9999
17 34 9999
17 35 9999
17 36 8
17 37 9999
17 38 9999
17 39 9999
17 40 9999
17 41 9999
17 42 9999
17 43 9999
17 44 9999
17 45 9999
17 46 9999
17 47 9999
17 48 9999
17 49 9999
17 50 9999
17 51 9999
17 52 9999
17 53 9999
17 54 9999
17 55 9999
17 56 9999
17 57 9999
17 58 9999
17 59 9999
17 60 9999
17 61 9999
17 62 9999
17 63 9999
17 64 9999
17 65 9999
17 66 9999
17 67 9999
17 68 9999
17 69 9999
17 70 9999
17 71 9999
17 72 9999
17 73 9999
17 74 9999
17 75 9999
17 76 9999
17 77 9999
17 78 9999
17 79 9999
17 80 9999
17 81 9999
17 82 9999
17 83 9999
17 84 9999
17 85 9999
17 86 9999
17 87 9999
17 88 9999
17 89 9999
17 90 9999
17 91 9999
17 92 9999
17 93 9999
17 94 9999
17 95 9999
17 96 9999
17 97 9999
17 98 9999
17 99 9999
18 19 9999
18 20 9999
18 21 9999
18 22 9999
18 23 9999
18 24 9999
18 25 2
18 26 9999
18 27 9999
18 28 9999
18 29 9999
18 30 9999
18 31 9999
18 32 9999
18 33 9999
18 34 9999
18 35 9999
18 36 9999
18 37 9999
18 38 9999
18 39 9999
18 40 9999
18 41 9999
18 42 9999
18 43 9999
18 44 9999
18 45 9999
18 46 9999
18 47 9999
18 48 9999
18 49 9999
18 50 9999
18 51 9999
18 52 9999
18 53 9999
18 54 9999
18 55 9999
18 56 9999
18 57 9999
18 58 9999
18 59 9999
18 60 9999
18 61 9999
18 62 9999
18 63 9999
18 64 9999
18 65 9999
18 66 9999
18 67 9999
18 68 9999
18 69 9999
18 70 9999
18 71 9999
18 72 9999
18 73 9999
18 74 9999
18 75 9999
18 76 9999
18 77 9999
18 78 9999
18 79 9999
18 80 9999
18 81 9999
18 82 9999
18 83 9999
18 84 9999
18 85 9999
18 86 9999
18 87 9999
18 88 9999
18 89 9999
18 90 9999
18 91 9999
18 92 9999
18 93 9999
18 94 9999
18 95 9999
18 96 9999
18 97 9999
18 98 9999
18 99 9999
19 20 9999
19 21 9999
19 22 9999
19 23 9999
19 24 9999
19 25 9999
19 26 9999
19 27 9999
19 28 9999
19 29 9999
19 30 8
19 31 9999
19 32 9999
19 33 9999
19 34 9999
19 35 9999
19 36 9999
19 37 9999
19 38 9999
19 39 9999
19 40 9999
19 41 9999
19 42 9999
19 43 9999
19 44 9999
19 45 9999
19 46 9999
19 47 9999
19 48 9999
19 49 9999
19 50 9999
19 51 9999
19 52 9999
19 53 9999
19 54 9999
19 55 9999
19 56 9999
19 57 9999
19 58 9999
19 59 9999
19 60 9999
19 61 9999
19 62 9999
19 63 9999
19 64 9999
19 65 9999
19 66 9999
19 67 9999
19 68 9999
19 69 9999
19 70 9999
19 71 9999
19 72 9999
19 73 9999
19 74 9999
19 75 9999
19 76 9999
19 77 9999
19 78 9999
19 79 9999
19 80 9999
19 81 9999
19 82 9999
19 83 9999
19 84 9999
19 85 9999
19 86 9999
19 87 9999
19 88 9999
19 89 9999
19 90 9999
19 91 9999
19 92 9999
19 93 9999
19 94 9999
19 95 9999
19 96 9999
19 97 9999
19 98 9999
19 99 9999
20 21 9999
20 22 9999
20 23 9999
20 24 9999
20 25 9999
20 26 9999
20 27 9999
20 28 9999
20 29 9999
20 30 9999
20 31 9999
20 32 9999
20 33 9999
20 34 9999
20 35 9999
20 36 9999
20 37 9999
20 38 9999
20 39 9999
20 40 9999
20 41 9999
20 42 9999
20 43 9999
20 44 9999
20 45 9999
20 46 9999
20 47 9999
20 48 9999
20 49 9999
20 50 9999
20 51 9999
20 52 9999
20 53 9999
20 54 9999
20 55 9999
20 56 9999
20 57 9999
20 58 9999
20 59 9999
20 60 9999
20 61 9999
20 62 9999
20 63 9999
20 64 9999
20 65 9999
20 66 9999
20 67 9999
20 68 9999
20 69 9999
20 70 9999
20 71 9999
20 72 9999
20 73 9999
20 74 9999
20 75 9999
20 76 9999
20 77 9999
20 78 9999
20 79 9999
20 80 9999
20 81 9999
20 82 9999
20 83 9999
20 84 9999
20 85 4
20 86 9999
20 87 9999
20 88 9999
20 89 9999
20 90 9999
20 91 9999
20 92 9999
20 93 9999
20 94 9999
20 95 9999
20 96 9999
20 97 9999
20 98 9999
20 99 9999
21 22 9999
21 23 9999
21 24 9999
21 25 9999
21 26 9999
21 27 9999
21 28 9999
21 29 9999
21 30 9999
21 31 9999
21 32 9999
21 33 9999
21 34 9999
21 35 9999
21 36 9999
21 37 9999
21 38 9999
21 39 9999
21 40 9999
21 41 9999
21 42 9999
21 43 9999
21 44 9999
21 45 9999
21 46 9999
21 47 9999
21 48 9999
21 49 9999
21 50 9999
21 51 9999
21 52 9999
21 53 9999
21 54 9999
21 55 9999
21 56 9999
21 57 9999
21 58 9999
21 59 9999
21 60 4
21 61 9999
21 62 9999
21 63 9999
21 64 9999
21 65 9999
21 66 9999
21 67 9999
21 68 9999
21 69 9999
21 70 9999
21 71 9999
21 72 9999
21 73 9999
21 74 9999
21 75 9999
21 76 9999
21 77 9999
21 78 9999
21 79 9999
21 80 9999
21 81 9999
21 82 9999
21 83 9999
21 84 9999
21 85 9999
21 86 9999
21 87 9999
21 88 9999
21 89 9999
21 90 9999
21 91 9999
21 92 9999
21 93 9999
21 94 9999
21 95 9999
21 96 9999
21 97 9999
21 98 9999
21 99 9999
22 23 9999
22 24 9999
22 25 9999
22 26 9999
22 27 9999
22 28 7
22 29 9999
22 30 9999
22 31 9999
22 32 9999
22 33 9999
22 34 9999
22 35 9999
22 36 9999
22 37 9999
22 38 9999
22 39 9999
22 40 9999
22 41 9999
22 42 9999
22 43 9999
22 44 9999
22 45 9999
22 46 9999
22 47 9999
22 48 9999
22 49 9999
22 50 9999
22 51 9999
22 52 9999
22 53 9999
22 54 9999
22 55 9999
22 56 9999
22 57 9999
22 58 9999
22 59 9999
22 60 9999
22 61 9999
22 62 9999
22 63 9999
22 64 9999
22 65 9999
22 66 9999
22 67 9999
22 68 9999
22 69 9999
22 70 9999
22 71 9999
22 72 9999
22 73 9999
22 74 9999
22 75 9999
22 76 9999
22 77 9999
22 78 9999
22 79 9999
22 80 9999
22 81 9999
22 82 9999
22 83 9999
22 84 9999
22 85 9999
22 86 9999
22 87 9999
22 88 9999
22 89 9999
22 90 9999
22 91 9999
22 92 9999
22 93 9999
22 94 9999
22 95 9999
22 96 9999
22 97 9999
22 98 9999
22 99 9999
23 24 9999
23 25 9999
23 26 9999
23 27 9999
23 28 9999
23 29 9999
23 30 9999
23 31 9999
23 32 9999
23 33 9999
23 34 9999
23 35 9999
23 36 9999
23 37 9999
23 38 9999
23 39 9999
23 40 9999
23 41 9999
23 42 9999
23 43 9999
23 44 9999
23 45 9999
23 46 9999
23 47 9999
23 48 9999
23 49 9999
23 50 9999
23 51 9999
23 52 9999
23 53 9999
23 54 9999
23 55 9999
23 56 9999
23 57 9999
23 58 9
23 59 9999
23 60 9999
23 61 9999
23 62 9999
23 63 9999
23 64 9999
23 65 9999
23 66 9999
23 67 9999
23 68 9999
23 69 9999
23 70 9999
23 71 9999
23 72 9999
23 73 9999
23 74 9999
23 75 5
23 76 9999
23 77 9999
23 78 9999
23 79 9999
23 80 9999
23 81 9999
23 82 9999
23 83 9999
23 84 9999
23 85 9999
23 86 9999
23 87 9999
23 88 9999
23 89 9999
23 90 9999
23 91 9999
23 92 9999
23 93 9999
23 94 9999
23 95 9999
23 96 9999
23 97 9999
23 98 9999
23 99 9999
24 25 9999
24 26 9999
24 27 9999
24 28 9999
24 29 9999
24 30 9999
24 31 9999
24 32 9999
24 33 9999
24 34 9999
24 35 9999
24 36 9999
24 37 9999
24 38 9999
24 39 9999
24 40 9999
24 41 9999
24 42 9999
24 43 9999
24 44 7
24 45 9999
24 46 9999
24 47 9999
24 48 9999
24 49 9999
24 50 9999
24 51 9999
24 52 9999
24 53 9999
24 54 9999
24 55 3
24 56 9999
24 57 9999
24 58 9999
24 59 9999
24 60 9999
24 61 9999
24 62 9999
24 63 9999
24 64 9999
24 65 9999
24 66 9999
24 67 9999
24 68 9999
24 69 9999
24 70 9999
24 71 9999
24 72 9999
24 73 9999
24 74 9999
24 75 9999
24 76 9999
24 77 9999
24 78 9999
24 79 9999
24 80 9999
24 81 9999
24 82 9999
24 83 9999
24 84 9999
24 85 9999
24 86 9999
24 87 9999
24 88 9999
24 89 9999
24 90 9999
24 91 9999
24 92 9999
24 93 9999
24 94 9999
24 95 9999
24 96 9999
24 97 9999
24 98 9999
24 99 9999
25 26 9999
25 27 9999
25 28 9999
25 29 9999
25 30 9999
25 31 9999
25 32 9999
25 33 9999
25 34 9999
25 35 9999
25 36 9999
25 37 9999
25 38 9999
25 39 9999
25 40 9999
25 41 9999
25 42 9999
25 43 9999
25 44 9999
25 45 9
25 46 9999
25 47 9999
25 48 9999
25 49 9999
25 50 9999
25 51 4
25 52 9999
25 53 9999
25 54 9999
25 55 9999
25 56 9999
25 57 9999
25 58 9999
25 59 9999
25 60 9999
25 61 9999
25 62 9999
25 63 9999
25 64 9999
25 65 9999
25 66 9999
25 67 9999
25 68 9999
25 69 9999
25 70 9999
25 71 9999
25 72 9999
25 73 9999
25 74 9999
25 75 9999
25 76 9999
25 77 9999
25 78 9999
25 79 9999
25 80 9999
25 81 9999
25 82 9999
25 83 9999
25 84 9999
25 85 9999
25 86 9999
25 87 9999
25 88 9999
25 89 9999
25 90 9999
25 91 9999
25 92 9999
25 93 9999
25 94 9999
25 95 9999
25 96 9999
25 97 9999
25 98 9999
25 99 9999
26 27 9999
26 28 9999
26 29 9999
26 30 9999
26 31 9999
26 32 9999
26 33 9999
26 34 9999
26 35 9999
26 36 9999
26 37 9999
26 38 9999
26 39 9999
26 40 9999
26 41 9999
26 42 9999
26 43 9999
26 44 9999
26 45 9999
26 46 3
26 47 9999
26 48 9999
26 49 9999
26 50 9999
26 51 9999
26 52 9999
26 53 9999
26 54 9999
26 55 9999
26 56 9999
26 57 9999
26 58 9999
26 59 9999
26 60 9999
26 61 9999
26 62 9999
26 63 9999
26 64 7
26 65 9999
26 66 9999
26 67 9999
26 68 9999
26 69 9999
26 70 9999
26 71 9999
26 72 9999
26 73 9999
26 74 9999
26 75 9999
26 76 9999
26 77 9999
26 78 9999
26 79 9999
26 80 9999
26 81 9999
26 82 9999
26 83 9999
26 84 9999
26 85 9999
26 86 9999
26 87 9999
26 88 9999
26 89 9999
26 90 9999
26 91 9999
26 92 9999
26 93 9999
26 94 9999
26 95 9999
26 96 9999
26 97 9999
26 98 9999
26 99 9999
27 28 9999
27 29 9999
27 30 9999
27 31 9999
27 32 9999
27 33 9999
27 34 9999
27 35 9999
27 36 9999
27 37 9999
27 38 9999
27 39 9999
27 40 9999
27 41 9999
27 42 9999
27 43 9999
27 44 9999
27 45 9999
27 46 9999
27 47 9999
27 48 9999
27 49 9999
27 50 9999
27 51 9999
27 52 9999
27 53 9999
27 54 9999
27 55 9999
27 56 9999
27 57 9999
27 58 9999
27 59 9999
27 60 9999
27 61 9999
27 62 9999
27 63 9999
27 64 9999
27 65 9999
27 66 9999
27 67 9999
27 68 9999
27 69 9999
27 70 9999
27 71 9999
27 72 9999
27 73 9999
27 74 9999
27 75 9999
27 76 9999
27 77 9999
27 78 9999
27 79 9999
27 80 9999
27 81 9999
27 82 9999
27 83 9999
27 84 9999
27 85 9999
27 86 9999
27 87 9999
27 88 9999
27 89 9999
27 90 9999
27 91 9999
27 92 9999
27 93 9999
27 94 9999
27 95 9999
27 96 9999
27 97 9999
27 98 9999
27 99 9999
28 29 9999
28 30 9999
28 31 7
28 32 9999
28 33 9999
28 34 9999
28 35 1
28 36 9999
28 37 9999
28 38 9999
28 39 9999
28 40 9999
28 41 9
28 42 9999
28 43 9999
28 44 9999
28 45 9999
28 46 9999
28 47 9999
28 48 9999
28 49 9999
28 50 9999
28 51 9999
28 52 9999
28 53 9999
28 54 9999
28 55 9999
28 56 9999
28 57 9999
28 58 9999
28 59 9999
28 60 9999
28 61 9999
28 62 9999
28 63 9999
28 64 9999
28 65 9999
28 66 9999
28 67 9999
28 68 9999
28 69 9
28 70 9999
28 71 9999
28 72 9999
28 73 9999
28 74 9999
28 75 9999
28 76 9999
28 77 9999
28 78 9999
28 79 9999
28 80 9999
28 81 9999
28 82 9999
28 83 9999
28 84 9999
28 85 9999
28 86 3
28 87 9999
28 88 9999
28 89 9999
28 90 9999
28 91 9999
28 92 9999
28 93 9999
28 94 9999
28 95 9999
28 96 9999
28 97 9999
28 98 9999
28 99 9999
29 30 9999
29 31 9999
29 32 9999
29 33 9999
29 34 9999
29 35 9999
29 36 9999
29 37 9999
29 38 9999
29 39 9999
29 40 9999
29 41 9999
29 42 9999
29 43 9999
29 44 9999
29 45 9999
29 46 9999
29 47 9999
29 48 9999
29 49 9999
29 50 9999
29 51 9999
29 52 9999
29 53 9999
29 54 9999
29 55 9999
29 56 9999
29 57 9999
29 58 9999
29 59 9999
29 60 9999
29 61 9999
29 62 9999
29 63 9999
29 64 9999
29 65 9999
29 66 9999
29 67 9999
29 68 9999
29 69 9999
29 70 9999
29 71 9999
29 72 9999
29 73 9999
29 74 9999
29 75 9999
29 76 9999
29 77 9999
29 78 9999
29 79 9999
29 80 9999
29 81 9999
29 82 9999
29 83 9999
29 84 9999
29 85 9999
29 86 9999
29 87 9999
29 88 9999
29 89 9999
29 90 9999
29 91 9999
29 92 9999
29 93 9999
29 94 9999
29 95 9999
29 96 9999
29 97 9999
29 98 9999
29 99 9999
30 31 9999
30 32 9999
30 33 9999
30 34 9999
30 35 9999
30 36 9999
30 37 9999
30 38 9999
30 39 9999
30 40 9999
30 41 9999
30 42 9999
30 43 9999
30 44 9999
30 45 9999
30 46 9999
30 47 9999
30 48 5
30 49 9999
30 50 9999
30 51 9999
30 52 9999
30 53 9999
30 54 9999
30 55 9999
30 56 9999
30 57 9999
30 58 9999
30 59 9999
30 60 9999
30 61 9999
30 62 9999
30 63 9999
30 64 9999
30 65 9999
30 66 9999
30 67 9999
30 68 9999
30 69 9999
30 70 9999
30 71 9999
30 72 9999
30 73 9999
30 74 9999
30 75 9999
30 76 9999
30 77 9999
30 78 9999
30 79 9999
30 80 9
30 81 9999
30 82 9999
30 83 9999
30 84 9999
30 85 9999
30 86 9999
30 87 9999
30 88 9999
30 89 9999
30 90 9999
30 91 9999
30 92 9999
30 93 9999
30 94 9999
30 95 9999
30 96 9999
30 97 9999
30 98 9999
30 99 9999
31 32 9999
31 33 9999
31 34 9999
31 35 9999
31 36 9999
31 37 9999
31 38 1
31 39 9999
31 40 9999
31 41 9999
31 42 9999
31 43 9999
31 44 9999
31 45 9999
31 46 9999
31 47 9999
31 48 9999
31 49 9999
31 50 9999
31 51 9999
31 52 9999
31 53 9999
31 54 9999
31 55 9999
31 56 9999
31 57 9999
31 58 9999
31 59 9999
31 60 9999
31 61 9999
31 62 9999
31 63 9999
31 64 9999
31 65 9999
31 66 9999
31 67 9999
31 68 9999
31 69 9999
31 70 9999
31 71 9999
31 72 9999
31 73 9999
31 74 9999
31 75 9999
31 76 9
31 77 9999
31 78 9999
31 79 9999
31 80 9999
31 81 9999
31 82 9999
31 83 9999
31 84 9999
31 85 9999
31 86 9999
31 87 9999
31 88 9999
31 89 9999
31 90 9999
31 91 9999
31 92 9999
31 93 9999
31 94 9999
31 95 9999
31 96 9999
31 97 9999
31 98 9999
31 99 9999
32 33 9999
32 34 9999
32 35 9999
32 36 9999
32 37 9999
32 38 9999
32 39 9999
32 40 9999
32 41 9999
32 42 9999
32 43 9999
32 44 9999
32 45 9999
32 46 9999
32 47 9999
32 48 9999
32 49 9999
32 50 9999
32 51 9999
32 52 9999
32 53 9999
32 54 9999
32 55 9999
32 56 9999
32 57 9999
32 58 9999
32 59 9999
32 60 9999
32 61 9999
32 62 9999
32 63 9999
32 64 9999
32 65 9999
32 66 9999
32 67 9999
32 68 9999
32 69 9999
32 70 9999
32 71 9999
32 72 9999
32 73 9999
32 74 9999
32 75 9999
32 76 9999
32 77 9999
32 78 9999
32 79 9999
32 80 9999
32 81 9999
32 82 9999
32 83 9999
32 84 9999
32 85 9999
32 86 9999
32 87 9999
32 88 9999
32 89 9999
32 90 9999
32 91 9999
32 92 9999
32 93 9999
32 94 9999
32 95 9999
32 96 9999
32 97 9999
32 98 9999
32 99 9999
33 34 9999
33 35 9999
33 36 9999
33 37 9999
33 38 9999
33 39 9999
33 40 9999
33 41 9999
33 42 9999
33 43 9999
33 44 9999
33 45 9999
33 46 9999
33 47 9999
33 48 9999
33 49 9999
33 50 9999
33 51 9999
33 52 9999
33 53 9999
33 54 9999
33 55 9999
33 56 9999
33 57 9999
33 58 9999
33 59 9999
33 60 9999
33 61 9999
33 62 9999
33 63 9999
33 64 9999
33 65 9999
33 66 9999
33 67 9999
33 68 9999
33 69 9999
33 70 9999
33 71 9999
33 72 9999
33 73 9999
33 74 9999
33 75 9999
33 76 9999
33 77 9999
33 78 9999
33 79 9999
33 80 9999
33 81 9999
33 82 9999
33 83 9999
33 84 9999
33 85 9999
33 86 9999
33 87 9999
33 88 9999
33 89 9999
33 90 9999
33 91 9999
33 92 9999
33 93 9999
33 94 9999
33 95 9999
33 96 9999
33 97 9999
33 98 9999
33 99 9999
34 35 9999
34 36 9999
34 37 6
34 38 9999
34 39 9999
34 40 9999
34 41 9999
34 42 9999
34 43 9999
34 44 9999
34 45 9999
34 46 9999
34 47 9999
34 48 9999
34 49 9999
34 50 9999
34 51 9999
34 52 9999
34 53 9999
34 54 9999
34 55 9999
34 56 9999
34 57 9999
34 58 9999
34 59 9999
34 60 9999
34 61 9999
34 62 4
34 63 9999
34 64 9999
34 65 9999
34 66 9999
34 67 9999
34 68 9999
34 69 9999
34 70 9999
34 71 3
34 72 9999
34 73 9999
34 74 9999
34 75 9999
34 76 9999
34 77 9999
34 78 9999
34 79 9999
34 80 9999
34 81 9999
34 82 9999
34 83 9999
34 84 9999
34 85 9999
34 86 9999
34 87 9999
34 88 9999
34 89 9999
34 90 9999
34 91 9999
34 92 9999
34 93 9999
34 94 9999
34 95 9999
34 96 9999
34 97 9999
34 98 9999
34 99 9999
35 36 9999
35 37 9999
35 38 9999
35 39 9999
35 40 9999
35 41 9999
35 42 9999
35 43 9999
35 44 9999
35 45 9999
35 46 9999
35 47 9999
35 48 9999
35 49 9999
35 50 9999
35 51 9999
35 52 9999
35 53 9999
35 54 9999
35 55 9999
35 56 9999
35 57 9999
35 58 9999
35 59 9999
35 60 9999
35 61 9999
35 62 9999
35 63 9999
35 64 9999
35 65 9999
35 66 9999
35 67 9999
35 68 9999
35 69 9999
35 70 9999
35 71 9999
35 72 9999
35 73 9999
35 74 9999
35 75 9999
35 76 9999
35 77 9999
35 78 9999
35 79 9999
35 80 9999
35 81 9999
35 82 9999
35 83 9999
35 84 9999
35 85 9999
35 86 9999
35 87 9999
35 88 9999
35 89 9999
35 90 9999
35 91 9999
35 92 9999
35 93 9999
35 94 9999
35 95 9999
35 96 9999
35 97 9999
35 98 9999
35 99 9999
36 37 9999
36 38 9999
36 39 9999
36 40 9999
36 41 9999
36 42 9999
36 43 9999
36 44 9999
36 45 9999
36 46 9999
36 47 9999
36 48 9999
36 49 9999
36 50 8
36 51 9999
36 52 9999
36 53 9999
36 54 9999
36 55 9999
36 56 9999
36 57 9999
36 58 9999
36 59 9999
36 60 9999
36 61 9999
36 62 9999
36 63 9999
36 64 9999
36 65 9999
36 66 9999
36 67 9999
36 68 9999
36 69 9999
36 70 9999
36 71 9999
36 72 9999
36 73 9999
36 74 9999
36 75 9999
36 76 9999
36 77 9999
36 78 9999
36 79 9999
36 80 9999
36 81 9999
36 82 9999
36 83 9999
36 84 9999
36 85 9999
36 86 9999
36 87 9999
36 88 9999
36 89 9999
36 90 9999
36 91 9999
36 92 9999
36 93 9999
36 94 9999
36 95 9999
36 96 9999
36 97 9999
36 98 9999
36 99 9999
37 38 9999
37 39 9999
37 40 9999
37 41 9999
37 42 9999
37 43 9999
37 44 9999
37 45 9999
37 46 9999
37 47 9999
37 48 9999
37 49 9999
37 50 9999
37 51 9999
37 52 9999
37 53 9999
37 54 9999
37 55 9999
37 56 9999
37 57 9999
37 58 9999
37 59 9999
37 60 9999
37 61 9999
37 62 9999
37 63 9999
37 64 9999
37 65 9999
37 66 9999
37 67 9999
37 68 9999
37 69 9999
37 70 9999
37 71 9999
37 72 9999
37 73 9999
37 74 9999
37 75 9999
37 76 9999
37 77 9999
37 78 9999
37 79 9999
37 80 9999
37 81 9999
37 82 9999
37 83 9999
37 84 9999
37 85 9999
37 86 9999
37 87 9999
37 88 9999
37 89 9999
37 90 9999
37 91 9999
37 92 9999
37 93 9999
37 94 9999
37 95 9999
37 96 9999
37 97 9999
37 98 9999
37 99 9999
38 39 9999
38 40 9999
38 41 9999
38 42 9999
38 43 9999
38 44 9999
38 45 9999
38 46 9999
38 47 9999
38 48 9999
38 49 9999
38 50 9999
38 51 9999
38 52 9999
38 53 9999
38 54 9999
38 55 9999
38 56 9999
38 57 9999
38 58 9999
38 59 9999
38 60 9999
38 61 9999
38 62 9999
38 63 9999
38 64 9999
38 65 9999
38 66 9999
38 67 9999
38 68 9999
38 69 9999
38 70 9999
38 71 9999
38 72 9999
38 73 9999
38 74 9999
38 75 9999
38 76 9999
38 77 9999
38 78 9999
38 79 9999
38 80 9999
38 81 9999
38 82 3
38 83 9999
38 84 9999
38 85 9999
38 86 9999
38 87 9999
38 88 9999
38 89 9999
38 90 9999
38 91 9999
38 92 9999
38 93 9999
38 94 9999
38 95 9999
38 96 9999
38 97 9999
38 98 9999
38 99 9999
39 40 2
39 41 9999
39 42 9999
39 43 9999
39 44 9999
39 45 9999
39 46 9999
39 47 9999
39 48 9999
39 49 9999
39 50 9999
39 51 9999
39 52 9999
39 53 9999
39 54 9999
39 55 9999
39 56 9999
39 57 7
39 58 9999
39 59 9999
39 60 9999
39 61 9999
39 62 9999
39 63 9999
39 64 9999
39 65 9999
39 66 9999
39 67 9999
39 68 9999
39 69 9999
39 70 9999
39 71 9999
39 72 9999
39 73 9999
39 74 9999
39 75 9999
39 76 9999
39 77 9999
39 78 9999
39 79 9999
39 80 9999
39 81 9999
39 82 9999
39 83 9999
39 84 9999
39 85 9999
39 86 9999
39 87 9999
39 88 9999
39 89 9999
39 90 9999
39 91 9999
39 92 9999
39 93 9999
39 94 9999
39 95 9999
39 96 9999
39 97 9999
39 98 9999
39 99 9999
40 41 9999
40 42 7
40 43 9999
40 44 9999
40 45 9999
40 46 9999
40 47 9999
40 48 9999
40 49 9999
40 50 9999
40 51 9999
40 52 9999
40 53 9999
40 54 9999
40 55 9999
40 56 9999
40 57 9999
40 58 9999
40 59 9999
40 60 9999
40 61 9999
40 62 9999
40 63 9999
40 64 9999
40 65 9999
40 66 9999
40 67 9999
40 68 9999
40 69 9999
40 70 9999
40 71 9999
40 72 9999
40 73 9999
40 74 9999
40 75 9999
40 76 9999
40 77 9999
40 78 9999
40 79 9999
40 80 9999
40 81 9999
40 82 9999
40 83 9999
40 84 9999
40 85 9999
40 86 9999
40 87 9999
40 88 9999
40 89 9999
40 90 9999
40 91 9999
40 92 9999
40 93 9999
40 94 9999
40 95 9999
40 96 9999
40 97 9999
40 98 9999
40 99 9999
41 42 9999
41 43 9999
41 44 9999
41 45 9999
41 46 9999
41 47 9999
41 48 9999
41 49 1
41 50 9999
41 51 9999
41 52 9999
41 53 9999
41 54 9999
41 55 9999
41 56 9999
41 57 9999
41 58 9999
41 59 9999
41 60 9999
41 61 9999
41 62 9999
41 63 9999
41 64 9999
41 65 9999
41 66 9999
41 67 9999
41 68 9999
41 69 9999
41 70 9999
41 71 9999
41 72 1
41 73 9999
41 74 9999
41 75 9999
41 76 9999
41 77 9999
41 78 9999
41 79 9999
41 80 9999
41 81 9999
41 82 9999
41 83 9999
41 84 9999
41 85 9999
41 86 9999
41 87 9999
41 88 9999
41 89 9999
41 90 9999
41 91 9999
41 92 9999
41 93 9999
41 94 9999
41 95 9999
41 96 9999
41 97 9999
41 98 9999
41 99 9999
42 43 9999
42 44 9999
42 45 9999
42 46 9999
42 47 9999
42 48 9999
42 49 9999
42 50 9999
42 51 9999
42 52 9999
42 53 9999
42 54 9999
42 55 9999
42 56 9999
42 57 9999
42 58 9999
42 59 9999
42 60 9999
42 61 9999
42 62 9999
42 63 9999
42 64 9999
42 65 9999
42 66 9999
42 67 9999
42 68 9999
42 69 9999
42 70 9999
42 71 9999
42 72 9999
42 73 9999
42 74 9999
42 75 9999
42 76 9999
42 77 9999
42 78 9999
42 79 9999
42 80 9999
42 81 9999
42 82 9999
42 83 9999
42 84 9999
42 85 9999
42 86 9999
42 87 9999
42 88 9999
42 89 9999
42 90 9999
42 91 9999
42 92 9999
42 93 9999
42 94 9999
42 95 9999
42 96 9999
42 97 9999
42 98 9999
42 99 9999
43 44 9999
43 45 9999
43 46 9999
43 47 9999
43 48 9999
43 49 9999
43 50 9999
43 51 9999
43 52 9999
43 53 9999
43 54 9999
43 55 9999
43 56 9999
43 57 9999
43 58 9999
43 59 9999
43 60 9999
43 61 9999
43 62 9999
43 63 9999
43 64 9999
43 65 9999
43 66 9999
43 67 9999
43 68 9999
43 69 9999
43 70 9999
43 71 9999
43 72 9999
43 73 9
43 74 9999
43 75 9999
43 76 9999
43 77 9999
43 78 9999
43 79 9999
43 80 9999
43 81 9999
43 82 9999
43 83 9999
43 84 9999
43 85 9999
43 86 9999
43 87 9999
43 88 9999
43 89 9999
43 90 9999
43 91 9999
43 92 9999
43 93 9999
43 94 9999
43 95 9999
43 96 9999
43 97 9999
43 98 9999
43 99 9999
44 45 9999
44 46 9999
44 47 9999
44 48 9999
44 49 9999
44 50 9999
44 51 9999
44 52 9999
44 53 9999
44 54 9999
44 55 9999
44 56 9999
44 57 9999
44 58 9999
44 59 9999
44 60 9999
44 61 9999
44 62 9999
44 63 9999
44 64 9999
44 65 9999
44 66 9999
44 67 9999
44 68 9999
44 69 9999
44 70 9999
44 71 9999
44 72 9999
44 73 9999
44 74 9999
44 75 9999
44 76 9999
44 77 9999
44 78 9999
44 79 9999
44 80 9999
44 81 9999
44 82 9999
44 83 9999
44 84 9999
44 85 9999
44 86 9999
44 87 9999
44 88 9999
44 89 9999
44 90 9999
44 91 9999
44 92 9999
44 93 9999
44 94 9999
44 95 9999
44 96 9999
44 97 9999
44 98 9999
44 99 9999
45 46 9999
45 47 9999
45 48 9999
45 49 9999
45 50 9999
45 51 9999
45 52 9999
45 53 9999
45 54 9999
45 55 9999
45 56 9999
45 57 9999
45 58 9999
45 59 9999
45 60 9999
45 61 9999
45 62 9999
45 63 9999
45 64 9999
45 65 9999
45 66 9999
45 67 9999
45 68 9999
45 69 9999
45 70 9999
45 71 9999
45 72 9999
45 73 9999
45 74 9999
45 75 9999
45 76 9999
45 77 9999
45 78 9999
45 79 9999
45 80 9999
45 81 9999
45 82 9999
45 83 9999
45 84 9999
45 85 9999
45 86 9999
45 87 9999
45 88 9999
45 89 9999
45 90 9999
45 91 3
45 92 9999
45 93 9999
45 94 9999
45 95 9999
45 96 9999
45 97 9999
45 98 9999
45 99 9999
46 47 9999
46 48 9999
46 49 9999
46 50 9999
46 51 9999
46 52 9999
46 53 9999
46 54 9999
46 55 9999
46 56 9999
46 57 9999
46 58 9999
46 59 9999
46 60 9999
46 61 9999
46 62 9999
46 63 9999
46 64 9999
46 65 9999
46 66 9999
46 67 9999
46 68 9999
46 69 9999
46 70 9999
46 71 9999
46 72 9999
46 73 9999
46 74 9999
46 75 9999
46 76 9999
46 77 9999
46 78 9999
46 79 9999
46 80 9999
46 81 9999
46 82 9999
46 83 9999
46 84 9999
46 85 9999
46 86 9999
46 87 9999
46 88 9999
46 89 9999
46 90 9999
46 91 9999
46 92 9999
46 93 9
46 94 9999
46 95 9999
46 96 9999
46 97 9999
46 98 9999
46 99 9999
47 48 9999
47 49 9999
47 50 9999
47 51 9999
47 52 9999
47 53 9999
47 54 9999
47 55 9999
47 56 9999
47 57 9999
47 58 9999
47 59 9999
47 60 9999
47 61 9999
47 62 9999
47 63 9999
47 64 9999
47 65 9999
47 66 9999
47 67 9999
47 68 9999
47 69 9999
47 70 9999
47 71 9999
47 72 9999
47 73 9999
47 74 9999
47 75 9999
47 76 9999
47 77 9999
47 78 9999
47 79 9999
47 80 9999
47 81 9999
47 82 9999
47 83 9999
47 84 9999
47 85 9999
47 86 9999
47 87 9999
47 88 9999
47 89 9999
47 90 9999
47 91 9999
47 92 9999
47 93 9999
47 94 9999
47 95 9999
47 96 9999
47 97 9999
47 98 9999
47 99 9999
48 49 9999
48 50 9999
48 51 9999
48 52 9999
48 53 9999
48 54 9999
48 55 9999
48 56 9999
48 57 9999
48 58 9999
48 59 9999
48 60 9999
48 61 9999
48 62 9999
48 63 9999
48 64 9999
48 65 9999
48 66 9999
48 67 9999
48 68 9999
48 69 9999
48 70 9999
48 71 9999
48 72 9999
48 73 9999
48 74 9999
48 75 9999
48 76 9999
48 77 9999
48 78 9999
48 79 2
48 80 9999
48 81 9999
48 82 9999
48 83 3
48 84 9999
48 85 9999
48 86 9999
48 87 9999
48 88 9999
48 89 9999
48 90 9999
48 91 9999
48 92 9999
48 93 9999
48 94 9999
48 95 9999
48 96 9999
48 97 9999
48 98 9999
48 99 9999
49 50 9999
49 51 9999
49 52 9999
49 53 9999
49 54 9999
49 55 9999
49 56 9999
49 57 9999
49 58 9999
49 59 9999
49 60 9999
49 61 9999
49 62 9999
49 63 9999
49 64 9999
49 65 9999
49 66 9999
49 67 9999
49 68 9999
49 69 9999
49 70 9999
49 71 9999
49 72 9999
49 73 9999
49 74 9999
49 75 9999
49 76 9999
49 77 9999
49 78 9999
49 79 9999
49 80 9999
49 81 9999
49 82 9999
49 83 9999
49 84 9999
49 85 9999
49 86 9999
49 87 9999
49 88 9999
49 89 9999
49 90 9999
49 91 9999
49 92 9999
49 93 9999
49 94 9999
49 95 9999
49 96 2
49 97 9999
49 98 9999
49 99 9999
50 51 9999
50 52 9999
50 53 9999
50 54 9999
50 55 9999
50 56 9999
50 57 9999
50 58 9999
50 59 9999
50 60 9999
50 61 9999
50 62 9999
50 63 9999
50 64 9999
50 65 9999
50 66 9999
50 67 9999
50 68 9999
50 69 9999
50 70 9999
50 71 9999
50 72 9999
50 73 9999
50 74 9999
50 75 9999
50 76 9999
50 77 9999
50 78 9999
50 79 9999
50 80 9999
50 81 9999
50 82 9999
50 83 9999
50 84 9999
50 85 9999
50 86 9999
50 87 9999
50 88 9999
50 89 9999
50 90 9999
50 91 9999
50 92 9999
50 93 9999
50 94 9999
50 95 9999
50 96 9999
50 97 9999
50 98 9999
50 99 9999
51 52 9999
51 53 9999
51 54 9999
51 55 9999
51 56 9999
51 57 9999
51 58 9999
51 59 9999
51 60 9999
51 61 9999
51 62 9999
51 63 9999
51 64 9999
51 65 9999
51 66 9999
51 67 9999
51 68 9999
51 69 9999
51 70 9999
51 71 9999
51 72 9999
51 73 9999
51 74 9999
51 75 9999
51 76 9999
51 77 9999
51 78 9999
51 79 9999
51 80 9999
51 81 9999
51 82 9999
51 83 9999
51 84 9999
51 85 9999
51 86 9999
51 87 9999
51 88 9999
51 89 9999
51 90 9999
51 91 9999
51 92 9999
51 93 9999
51 94 9999
51 95 9999
51 96 9999
51 97 9999
51 98 9999
51 99 9999
52 53 9999
52 54 9999
52 55 9999
52 56 9999
52 57 9999
52 58 9999
52 59 9999
52 60 9999
52 61 9999
52 62 9999
52 63 9999
52 64 9999
52 65 9999
52 66 9999
52 67 9999
52 68 9999
52 69 9999
52 70 9999
52 71 9999
52 72 9999
52 73 9999
52 74 9999
52 75 9999
52 76 9999
52 77 9999
52 78 9999
52 79 9999
52 80 9999
52 81 9999
52 82 9999
52 83 9999
52 84 9999
52 85 9999
52 86 9999
52 87 9999
52 88 9999
52 89 9999
52 90 9999
52 91 9999
52 92 9999
52 93 9999
52 94 9999
52 95 9999
52 96 9999
52 97 9999
52 98 9999
52 99 9999
53 54 9999
53 55 9999
53 56 9999
53 57 9999
53 58 9999
53 59 9999
53 60 9999
53 61 9999
53 62 9999
53 63 9999
53 64 9999
53 65 9999
53 66 9999
53 67 9999
53 68 9999
53 69 9999
53 70 5
53 71 9999
53 72 9999
53 73 9999
53 74 9999
53 75 9999
53 76 9999
53 77 9999
53 78 9999
53 79 9999
53 80 9999
53 81 9999
53 82 9999
53 83 9999
53 84 9999
53 85 9999
53 86 9999
53 87 9999
53 88 9999
53 89 9999
53 90 9999
53 91 9999
53 92 9999
53 93 9999
53 94 9999
53 95 9999
53 96 9999
53 97 9999
53 98 9999
53 99 9999
54 55 9999
54 56 7
54 57 9999
54 58 9999
54 59 9999
54 60 9999
54 61 9999
54 62 9999
54 63 9999
54 64 9999
54 65 7
54 66 9999
54 67 9999
54 68 9999
54 69 9999
54 70 9999
54 71 9999
54 72 9999
54 73 9999
54 74 9999
54 75 9999
54 76 9999
54 77 9999
54 78 3
54 79 9999
54 80 9999
54 81 9999
54 82 9999
54 83 9999
54 84 9999
54 85 9999
54 86 9999
54 87 9999
54 88 9999
54 89 9999
54 90 9999
54 91 9999
54 92 9999
54 93 9999
54 94 9999
54 95 9999
54 96 9999
54 97 9999
54 98 9999
54 99 9999
55 56 9999
55 57 9999
55 58 9999
55 59 9999
55 60 9999
55 61 9999
55 62 9999
55 63 9999
55 64 9999
55 65 9999
55 66 9999
55 67 9999
55 68 9999
55 69 9999
55 70 9999
55 71 9999
55 72 9999
55 73 9999
55 74 9999
55 75 9999
55 76 9999
55 77 9999
55 78 9999
55 79 9999
55 80 9999
55 81 9999
55 82 9999
55 83 9999
55 84 9999
55 85 9999
55 86 9999
55 87 9999
55 88 9999
55 89 9999
55 90 9999
55 91 9999
55 92 9999
55 93 9999
55 94 9999
55 95 9999
55 96 9999
55 97 9999
55 98 9999
55 99 9999
56 57 9999
56 58 9999
56 59 9999
56 60 9999
56 61 9999
56 62 9999
56 63 9999
56 64 9999
56 65 9999
56 66 9999
56 67 8
56 68 9999
56 69 9999
56 70 9999
56 71 9999
56 72 9999
56 73 9999
56 74 9999
56 75 9999
56 76 9999
56 77 9999
56 78 9999
56 79 9999
56 80 9999
56 81 9999
56 82 9999
56 83 9999
56 84 9999
56 85 9999
56 86 9999
56 87 9999
56 88 9999
56 89 9999
56 90 9999
56 91 9999
56 92 9999
56 93 9999
56 94 9999
56 95 9999
56 96 9999
56 97 9999
56 98 9999
56 99 9999
57 58 9999
57 59 9999
57 60 9999
57 61 9999
57 62 9999
57 63 9999
57 64 9999
57 65 9999
57 66 9999
57 67 9999
57 68 9999
57 69 9999
57 70 9999
57 71 9999
57 72 9999
57 73 9999
57 74 9999
57 75 9999
57 76 9999
57 77 9999
57 78 9999
57 79 9999
57 80 9999
57 81 9999
57 82 9999
57 83 9999
57 84 9999
57 85 9999
57 86 9999
57 87 9999
57 88 9999
57 89 9999
57 90 9999
57 91 9999
57 92 9999
57 93 9999
57 94 9999
57 95 9999
57 96 9999
57 97 9999
57 98 9999
57 99 9999
58 59 9999
58 60 9999
58 61 9999
58 62 9999
58 63 9999
58 64 9999
58 65 9999
58 66 9999
58 67 9999
58 68 9999
58 69 9999
58 70 9999
58 71 9999
58 72 9999
58 73 9999
58 74 9999
58 75 9999
58 76 9999
58 77 9999
58 78 9999
58 79 9999
58 80 9999
58 81 9999
58 82 9999
58 83 9999
58 84 9999
58 85 9999
58 86 9999
58 87 9999
58 88 9999
58 89 9999
58 90 9999
58 91 9999
58 92 9999
58 93 9999
58 94 9999
58 95 9999
58 96 9999
58 97 9999
58 98 9999
58 99 9999
59 60 9999
59 61 9999
59 62 9999
59 63 9999
59 64 9999
59 65 9999
59 66 9999
59 67 9999
59 68 9999
59 69 9999
59 70 9999
59 71 9999
59 72 9999
59 73 9999
59 74 9999
59 75 9999
59 76 9999
59 77 9999
59 78 9999
59 79 9999
59 80 9999
59 81 9999
59 82 9999
59 83 9999
59 84 9999
59 85 9999
59 86 9999
59 87 9999
59 88 9999
59 89 9999
59 90 9999
59 91 9999
59 92 9999
59 93 9999
59 94 9999
59 95 9999
59 96 9999
59 97 9999
59 98 9999
59 99 9999
60 61 9999
60 62 9999
60 63 9999
60 64 9999
60 65 9999
60 66 9999
60 67 9999
60 68 9999
60 69 9999
60 70 9999
60 71 9999
60 72 9999
60 73 9999
60 74 9999
60 75 9999
60 76 9999
60 77 9999
60 78 9999
60 79 9999
60 80 9999
60 81 9999
60 82 9999
60 83 9999
60 84 9999
60 85 9999
60 86 9999
60 87 9999
60 88 9999
60 89 9999
60 90 5
60 91 9999
60 92 9999
60 93 9999
60 94 9999
60 95 9999
60 96 9999
60 97 9999
60 98 9999
60 99 9999
61 62 9999
61 63 9999
61 64 9999
61 65 9999
61 66 9999
61 67 9999
61 68 9999
61 69 9999
61 70 9999
61 71 9999
61 72 9999
61 73 9999
61 74 9999
61 75 9999
61 76 9999
61 77 9999
61 78 9999
61 79 9999
61 80 9999
61 81 9999
61 82 9999
61 83 9999
61 84 9999
61 85 9999
61 86 9999
61 87 9999
61 88 9999
61 89 9999
61 90 9999
61 91 9999
61 92 9999
61 93 9999
61 94 9999
61 95 9999
61 96 9999
61 97 6
61 98 9999
61 99 9999
62 63 9999
62 64 9999
62 65 9999
62 66 9999
62 67 9999
62 68 9999
62 69 9999
62 70 9999
62 71 9999
62 72 9999
62 73 9999
62 74 9999
62 75 9999
62 76 9999
62 77 9999
62 78 9999
62 79 9999
62 80 9999
62 81 9999
62 82 9999
62 83 9999
62 84 9999
62 85 9999
62 86 9999
62 87 9999
62 88 9999
62 89 9999
62 90 9999
62 91 9999
62 92 9999
62 93 9999
62 94 9999
62 95 9999
62 96 9999
62 97 9999
62 98 4
62 99 9999
63 64 9999
63 65 9999
63 66 9999
63 67 9999
63 68 9999
63 69 9999
63 70 9999
63 71 9999
63 72 9999
63 73 9999
63 74 9999
63 75 9999
63 76 9999
63 77 2
63 78 9999
63 79 9999
63 80 9999
63 81 9999
63 82 9999
63 83 9999
63 84 9999
63 85 9999
63 86 9999
63 87 9999
63 88 9999
63 89 9999
63 90 9999
63 91 9999
63 92 9999
63 93 9999
63 94 9999
63 95 9999
63 96 9999
63 97 9999
63 98 9999
63 99 9999
64 65 9999
64 66 9999
64 67 9999
64 68 9999
64 69 9999
64 70 9999
64 71 9999
64 72 9999
64 73 9999
64 74 9999
64 75 9999
64 76 9999
64 77 9999
64 78 9999
64 79 9999
64 80 9999
64 81 9999
64 82 9999
64 83 9999
64 84 9999
64 85 9999
64 86 9999
64 87 9999
64 88 9999
64 89 9999
64 90 9999
64 91 9999
64 92 9999
64 93 9999
64 94 9999
64 95 9999
64 96 9999
64 97 9999
64 98 9999
64 99 9999
65 66 9999
65 67 9999
65 68 9999
65 69 9999
65 70 9999
65 71 9999
65 72 9999
65 73 9999
65 74 9999
65 75 9999
65 76 9999
65 77 9999
65 78 9999
65 79 9999
65 80 9999
65 81 9999
65 82 9999
65 83 9999
65 84 9999
65 85 9999
65 86 9999
65 87 9999
65 88 9999
65 89 9999
65 90 9999
65 91 9999
65 92 9999
65 93 9999
65 94 9999
65 95 9999
65 96 9999
65 97 9999
65 98 9999
65 99 9999
66 67 9999
66 68 9999
66 69 9999
66 70 9999
66 71 9999
66 72 9999
66 73 9999
66 74 9999
66 75 9999
66 76 9999
66 77 9999
66 78 9999
66 79 9999
66 80 9999
66 81 9999
66 82 9999
66 83 9999
66 84 9999
66 85 9999
66 86 9999
66 87 9999
66 88 9999
66 89 9999
66 90 9999
66 91 9999
66 92 9999
66 93 9999
66 94 9999
66 95 9999
66 96 9999
66 97 9999
66 98 9999
66 99 9999
67 68 9999
67 69 9999
67 70 9999
67 71 9999
67 72 9999
67 73 9999
67 74 9999
67 75 9999
67 76 9999
67 77 9999
67 78 9999
67 79 9999
67 80 9999
67 81 9999
67 82 9999
67 83 9999
67 84 9999
67 85 9999
67 86 9999
67 87 9999
67 88 9999
67 89 9999
67 90 9999
67 91 9999
67 92 9999
67 93 9999
67 94 9999
67 95 9999
67 96 9999
67 97 9999
67 98 9999
67 99 9999
68 69 9999
68 70 9999
68 71 9999
68 72 9999
68 73 9999
68 74 9999
68 75 9999
68 76 9999
68 77 9999
68 78 9999
68 79 9999
68 80 9999
68 81 9999
68 82 9999
68 83 9999
68 84 9999
68 85 9999
68 86 9999
68 87 9999
68 88 9999
68 89 9999
68 90 9999
68 91 9999
68 92 9999
68 93 9999
68 94 9999
68 95 9999
68 96 9999
68 97 9999
68 98 9999
68 99 9999
69 70 9999
69 71 9999
69 72 9999
69 73 9999
69 74 9999
69 75 9999
69 76 9999
69 77 9999
69 78 9999
69 79 9999
69 80 9999
69 81 9999
69 82 9999
69 83 9999
69 84 9999
69 85 9999
69 86 9999
69 87 9999
69 88 9999
69 89 9999
69 90 9999
69 91 9999
69 92 9999
69 93 9999
69 94 9999
69 95 9999
69 96 9999
69 97 9999
69 98 9999
69 99 9999
70 71 9999
70 72 9999
70 73 9999
70 74 9999
70 75 9999
70 76 9999
70 77 9999
70 78 9999
70 79 9999
70 80 9999
70 81 9999
70 82 9999
70 83 9999
70 84 9999
70 85 9999
70 86 9999
70 87 9999
70 88 9999
70 89 9999
70 90 9999
70 91 9999
70 92 9999
70 93 9999
70 94 9999
70 95 9999
70 96 9999
70 97 9999
70 98 9999
70 99 9999
71 72 9999
71 73 9999
71 74 9999
71 75 9999
71 76 9999
71 77 9999
71 78 9999
71 79 9999
71 80 9999
71 81 9999
71 82 9999
71 83 9999
71 84 9999
71 85 9999
71 86 9999
71 87 9999
71 88 1
71 89 9999
71 90 9999
71 91 9999
71 92 9999
71 93 9999
71 94 9999
71 95 9999
71 96 9999
71 97 9999
71 98 9999
71 99 9999
72 73 9999
72 74 9999
72 75 9999
72 76 9999
72 77 9999
72 78 9999
72 79 9999
72 80 9999
72 81 9999
72 82 9999
72 83 9999
72 84 9999
72 85 9999
72 86 9999
72 87 9999
72 88 9999
72 89 9999
72 90 9999
72 91 9999
72 92 9999
72 93 9999
72 94 9999
72 95 9999
72 96 9999
72 97 9999
72 98 9999
72 99 9999
73 74 9999
73 75 9999
73 76 9999
73 77 9999
73 78 9999
73 79 9999
73 80 9999
73 81 9999
73 82 9999
73 83 9999
73 84 9999
73 85 9999
73 86 9999
73 87 9999
73 88 9999
73 89 9999
73 90 9999
73 91 9999
73 92 9999
73 93 9999
73 94 9999
73 95 9999
73 96 9999
73 97 9999
73 98 9999
73 99 9999
74 75 9999
74 76 9999
74 77 9999
74 78 9999
74 79 9999
74 80 9999
74 81 9999
74 82 9999
74 83 9999
74 84 9999
74 85 9999
74 86 9999
74 87 9999
74 88 9999
74 89 9999
74 90 9999
74 91 9999
74 92 9999
74 93 9999
74 94 9999
74 95 9999
74 96 9999
74 97 9999
74 98 9999
74 99 9999
75 76 9999
75 77 9999
75 78 9999
75 79 9999
75 80 9999
75 81 9999
75 82 9999
75 83 9999
75 84 9999
75 85 9999
75 86 9999
75 87 9999
75 88 9999
75 89 9999
75 90 9999
75 91 9999
75 92 9999
75 93 9999
75 94 9999
75 95 9999
75 96 9999
75 97 9999
75 98 9999
75 99 9999
76 77 9999
76 78 9999
76 79 9999
76 80 9999
76 81 9999
76 82 9999
76 83 9999
76 84 9999
76 85 9999
76 86 9999
76 87 9999
76 88 9999
76 89 9999
76 90 9999
76 91 9999
76 92 9999
76 93 9999
76 94 9999
76 95 9999
76 96 9999
76 97 9999
76 98 9999
76 99 9999
77 78 9999
77 79 9999
77 80 9999
77 81 9999
77 82 9999
77 83 9999
77 84 9999
77 85 9999
77 86 9999
77 87 9999
77 88 9999
77 89 8
77 90 9999
77 91 9999
77 92 9999
77 93 9999
77 94 9999
77 95 9999
77 96 9999
77 97 9999
77 98 9999
77 99 9999
78 79 9999
78 80 9999
78 81 9999
78 82 9999
78 83 9999
78 84 9999
78 85 9999
78 86 9999
78 87 9999
78 88 9999
78 89 9999
78 90 9999
78 91 9999
78 92 9999
78 93 9999
78 94 9999
78 95 9999
78 96 9999
78 97 9999
78 98 9999
78 99 9999
79 80 9999
79 81 9999
79 82 9999
79 83 9999
79 84 9999
79 85 9999
79 86 9999
79 87 9999
79 88 9999
79 89 9999
79 90 9999
79 91 9999
79 92 9999
79 93 9999
79 94 9999
79 95 9999
79 96 9999
79 97 9999
79 98 9999
79 99 9999
80 81 9999
80 82 9999
80 83 9999
80 84 9999
80 85 9999
80 86 9999
80 87 9999
80 88 9999
80 89 9999
80 90 9999
80 91 9999
80 92 9999
80 93 9999
80 94 9999
80 95 9999
80 96 9999
80 97 9999
80 98 9999
80 99 9999
81 82 9999
81 83 9999
81 84 9999
81 85 9999
81 86 9999
81 87 9999
81 88 9999
81 89 9999
81 90 9999
81 91 9999
81 92 9999
81 93 9999
81 94 9999
81 95 9999
81 96 9999
81 97 9999
81 98 9999
81 99 9999
82 83 9999
82 84 9999
82 85 9999
82 86 9999
82 87 9999
82 88 9999
82 89 9999
82 90 9999
82 91 9999
82 92 9999
82 93 9999
82 94 9999
82 95 9999
82 96 9999
82 97 9999
82 98 9999
82 99 9999
83 84 9999
83 85 9999
83 86 9999
83 87 9999
83 88 9999
83 89 9999
83 90 9999
83 91 9999
83 92 9999
83 93 9999
83 94 9999
83 95 9999
83 96 9999
83 97 9999
83 98 9999
83 99 9999
84 85 9999
84 86 9999
84 87 9999
84 88 9999
84 89 9999
84 90 9999
84 91 9999
84 92 9999
84 93 9999
84 94 9999
84 95 9999
84 96 9999
84 97 9999
84 98 9999
84 99 9999
85 86 9999
85 87 9999
85 88 9999
85 89 9999
85 90 9999
85 91 9999
85 92 9999
85 93 9999
85 94 9999
85 95 9999
85 96 9999
85 97 9999
85 98 9999
85 99 9999
86 87 9999
86 88 9999
86 89 9999
86 90 9999
86 91 9999
86 92 9999
86 93 9999
86 94 9999
86 95 9999
86 96 9999
86 97 9999
86 98 9999
86 99 9999
87 88 9999
87 89 9999
87 90 9999
87 91 9999
87 92 9999
87 93 9999
87 94 5
87 95 9999
87 96 9999
87 97 9999
87 98 9999
87 99 9999
88 89 9999
88 90 9999
88 91 9999
88 92 9999
88 93 9999
88 94 9999
88 95 9999
88 96 9999
88 97 9999
88 98 9999
88 99 9999
89 90 9999
89 91 9999
89 92 9999
89 93 9999
89 94 9999
89 95 9999
89 96 9999
89 97 9999
89 98 9999
89 99 9999
90 91 9999
90 92 9999
90 93 9999
90 94 9999
90 95 9999
90 96 9999
90 97 9999
90 98 9999
90 99 9999
91 92 9999
91 93 9999
91 94 9999
91 95 9999
91 96 9999
91 97 9999
91 98 9999
91 99 3
92 93 9999
92 94 9999
92 95 9999
92 96 9999
92 97 9999
92 98 9999
92 99 9999
93 94 9999
93 95 9999
93 96 9999
93 97 9999
93 98 9999
93 99 9999
94 95 9999
94 96 9999
94 97 9999
94 98 9999
94 99 9999
95 96 9999
95 97 9999
95 98 9999
95 99 9999
96 97 9999
96 98 9999
96 99 9999
97 98 9999
97 99 9999
98 99 9999
