0 57 0
1 78 0
2 5 1
3 81 0
4 12 1
5 77 0
6 81 0
7 31 1
8 50 0
9 51 1
10 38 1
11 97 0
12 5 1
13 20 0
14 95 0
15 25 0
16 16 1
17 80 0
18 77 1
19 56 0
20 50 0
21 10 0
22 99 1
23 29 1
24 77 1
25 51 0
26 51 0
27 74 0
28 37 0
29 7 1
30 71 0
31 14 1
32 81 1
33 88 1
34 65 0
35 86 1
36 33 1
37 94 0
38 96 0
39 91 1
40 19 0
41 56 1
42 96 0
43 81 1
44 21 0
45 73 1
46 57 1
47 35 1
48 96 1
49 16 1
50 25 1
51 32 1
52 93 1
53 25 0
54 45 0
55 56 1
56 90 1
57 97 1
58 60 1
59 58 1
60 45 0
61 46 0
62 8 0
63 87 0
64 18 0
65 49 0
66 7 1
67 49 0
68 76 1
69 35 0
70 20 0
71 54 0
72 56 0
73 80 1
74 59 0
75 100 0
76 14 0
77 94 1
78 77 1
79 60 1
80 46 1
81 11 0
82 61 1
83 40 0
84 76 0
85 91 1
86 88 0
87 63 0
88 20 0
89 11 1
90 38 1
91 57 0
92 71 1
93 53 0
94 10 1
95 92 1
96 60 1
97 58 1
98 27 0
99 64 1
100 92 1
101 66 1
102 41 1
103 84 1
104 67 0
105 99 0
106 36 1
107 27 1
108 45 1
109 99 0
110 49 1
111 44 0
112 17 0
113 85 0
114 75 0
115 30 0
116 41 1
117 68 0
118 4 0
119 37 1
120 28 0
121 92 0
122 53 1
123 99 0
124 34 1
125 3 0
126 34 1
127 28 0
128 84 1
129 58 1
130 3 1
131 2 1
132 78 0
133 41 1
134 60 0
135 30 0
136 7 0
137 6 1
138 50 0
139 13 1
140 56 0
141 50 0
142 91 0
143 43 0
144 10 1
145 11 1
146 70 0
147 32 0
148 43 1
149 32 0
150 21 1
151 86 0
152 93 1
153 25 1
154 86 1
155 29 0
156 3 0
157 52 0
158 50 0
159 79 1
160 49 1
161 13 1
162 97 1
163 24 1
164 16 1
165 95 0
166 28 1
167 18 1
168 48 1
169 40 0
170 77 0
171 94 1
172 77 1
173 97 0
174 98 0
175 70 1
176 39 0
177 39 0
178 99 1
179 65 0
180 90 1
181 12 0
182 47 0
183 95 0
184 47 1
185 76 0
186 3 0
187 41 0
188 96 0
189 5 0
190 84 0
191 13 1
192 95 1
193 35 1
194 88 1
195 100 1
196 4 0
197 12 0
198 45 0
199 66 1
200 43 1
201 61 1
202 73 1
203 23 1
204 20 1
205 3 0
206 19 1
207 84 1
208 74 1
209 79 0
210 32 1
211 25 0
212 39 1
213 51 1
214 11 0
215 38 0
216 34 1
217 27 1
218 54 0
219 14 0
220 51 1
221 52 0
222 7 0
223 15 1
224 15 0
225 21 0
226 36 1
227 56 1
228 58 1
229 29 1
230 99 0
231 2 1
232 63 0
233 9 0
234 47 1
235 38 1
236 75 1
237 84 1
238 48 0
239 25 1
240 66 1
241 47 0
242 91 0
243 29 0
244 97 1
245 9 1
246 88 1
247 69 0
248 18 1
249 13 1
250 6 1
251 9 1
252 19 0
253 67 1
254 7 0
255 51 1
256 52 1
257 81 0
258 21 0
259 31 0
260 8 1
261 96 1
262 55 1
263 72 1
264 64 0
265 45 0
266 89 1
267 57 0
268 56 1
269 5 0
270 3 0
271 53 1
272 80 1
273 49 1
274 11 0
275 8 1
276 52 0
277 62 0
278 70 0
279 95 0
280 12 1
281 50 1
282 8 0
283 3 1
284 37 1
285 37 0
286 57 1
287 7 1
288 98 0
289 13 1
290 40 1
291 86 0
292 36 0
293 51 1
294 68 1
295 74 1
296 50 1
297 76 0
298 41 1
299 51 1
300 90 1
301 45 1
302 80 1
303 13 1
304 66 1
305 7 0
306 80 1
307 46 0
308 12 1
309 7 1
310 70 1
311 69 1
312 79 0
313 39 1
314 58 0
315 25 1
316 23 0
317 71 1
318 12 1
319 19 0
320 93 1
321 29 1
322 68 0
323 23 0
324 9 0
325 77 1
326 2 0
327 55 0
328 10 1
329 58 1
330 27 0
331 73 0
332 21 0
333 36 0
334 57 1
335 28 0
336 94 1
337 88 0
338 35 0
339 7 1
340 33 0
341 51 1
342 79 0
343 97 1
344 99 1
345 26 1
346 74 0
347 54 0
348 47 0
349 24 0
350 12 0
351 33 1
352 98 0
353 91 0
354 37 1
355 36 1
356 7 1
357 79 0
358 45 0
359 12 1
360 47 1
361 35 1
362 21 1
363 58 0
364 9 1
365 26 0
366 68 1
367 10 1
368 79 0
369 16 1
370 95 0
371 7 1
372 24 0
373 22 0
374 73 0
375 1 0
376 100 0
377 49 0
378 87 0
379 51 1
380 28 0
381 67 0
382 45 0
383 55 0
384 87 0
385 45 0
386 24 0
387 32 1
388 62 1
389 40 0
390 30 1
391 23 0
392 17 1
393 100 0
394 49 0
395 94 1
396 99 0
397 80 0
398 92 1
399 83 0
400 22 1
401 95 1
402 64 1
403 11 0
404 40 1
405 96 0
406 80 0
407 21 0
408 63 1
409 56 1
410 82 0
411 26 1
412 34 0
413 27 0
414 52 1
415 32 1
416 54 0
417 86 0
418 23 0
419 100 0
420 23 0
421 28 1
422 43 0
423 54 1
424 56 0
425 24 1
426 18 1
427 49 1
428 86 1
429 44 0
430 61 0
431 24 0
432 73 0
433 10 1
434 30 1
435 70 0
436 54 1
437 70 0
438 8 0
439 75 1
440 51 1
441 13 0
442 21 0
443 9 1
444 54 1
445 73 0
446 19 1
447 100 1
448 7 0
449 95 0
450 80 0
451 15 1
452 21 1
453 63 1
454 19 1
455 84 1
456 21 1
457 35 0
458 84 1
459 43 1
460 14 1
461 52 0
462 87 1
463 92 1
464 66 1
465 68 0
466 30 1
467 81 1
468 56 1
469 51 1
470 18 0
471 37 1
472 76 1
473 38 1
474 58 1
475 43 0
476 55 1
477 63 1
478 20 1
479 12 0
480 4 1
481 98 0
482 27 1
483 100 1
484 4 0
485 13 0
486 75 1
487 9 1
488 14 0
489 74 0
490 92 1
491 49 0
492 76 1
493 84 1
494 3 0
495 95 1
496 52 1
497 21 0
498 15 0
499 94 1
500 20 0
501 35 1
502 21 1
503 30 1
504 3 1
505 30 1
506 24 0
507 57 0
508 89 0
509 36 1
510 79 1
511 98 0
512 55 0
513 77 1
514 70 1
515 98 0
516 4 0
517 99 0
518 81 1
519 78 1
520 25 1
521 31 1
522 28 1
523 82 0
524 51 1
525 38 1
526 88 1
527 61 0
528 32 1
529 42 1
530 25 0
531 39 0
532 69 0
533 30 0
534 41 0
535 90 1
536 42 0
537 5 1
538 68 1
539 61 1
540 60 0
541 48 0
542 98 1
543 12 1
544 83 1
545 27 0
546 75 0
547 30 0
548 38 0
549 20 0
550 19 1
551 86 1
552 26 1
553 16 0
554 71 1
555 82 1
556 31 1
557 60 0
558 6 1
559 99 0
560 20 1
561 49 0
562 12 0
563 35 1
564 43 1
565 65 1
566 91 1
567 73 0
568 59 0
569 32 1
570 56 0
571 85 0
572 53 1
573 39 0
574 35 0
575 90 1
576 100 0
577 60 1
578 53 1
579 38 0
580 1 0
581 96 0
582 60 1
583 81 0
584 3 1
585 20 0
586 42 0
587 34 1
588 28 0
589 17 0
590 5 1
591 68 1
592 54 1
593 48 0
594 13 0
595 78 0
596 67 0
597 83 1
598 94 1
599 20 0
600 98 1
601 58 0
602 38 0
603 40 1
604 71 1
605 66 1
606 29 1
607 78 0
608 63 1
609 5 1
610 32 0
611 13 1
612 77 0
613 96 1
614 21 0
615 91 1
616 94 1
617 52 0
618 50 0
619 72 0
620 38 1
621 89 1
622 82 1
623 44 0
624 49 0
625 58 1
626 15 0
627 85 0
628 12 0
629 44 0
630 62 0
631 82 1
632 89 1
633 51 0
634 46 0
635 87 1
636 66 1
637 100 1
638 68 0
639 14 1
640 14 1
641 41 1
642 24 0
643 27 0
644 30 0
645 39 1
646 36 0
647 33 0
648 22 1
649 2 1
650 20 1
651 54 0
652 2 0
653 9 1
654 52 1
655 19 1
656 38 1
657 20 1
658 22 1
659 87 1
660 70 1
661 92 0
662 87 0
663 67 1
664 46 0
665 27 1
666 30 0
667 36 1
668 74 1
669 65 1
670 25 0
671 13 1
672 79 1
673 32 1
674 26 1
675 4 0
676 77 1
677 25 0
678 23 1
679 33 1
680 24 0
681 80 0
682 27 1
683 80 0
684 51 1
685 88 1
686 11 0
687 2 0
688 39 0
689 85 1
690 54 0
691 68 1
692 45 1
693 88 0
694 13 0
695 96 0
696 64 0
697 86 0
698 24 1
699 85 1
700 48 1
701 33 1
702 23 0
703 79 0
704 34 1
705 54 1
706 81 1
707 21 0
708 13 0
709 74 0
710 21 1
711 41 1
712 54 0
713 9 1
714 27 0
715 36 0
716 93 1
717 26 1
718 40 1
719 88 0
720 54 1
721 57 1
722 48 1
723 92 0
724 97 0
725 75 1
726 1 1
727 7 0
728 23 0
729 13 0
730 74 1
731 9 1
732 91 0
733 61 1
734 66 0
735 29 0
736 37 0
737 40 1
738 85 0
739 65 1
740 90 1
741 54 1
742 75 0
743 53 1
744 50 1
745 66 1
746 29 0
747 60 0
748 57 0
749 71 0
750 69 0
751 17 0
752 30 1
753 24 0
754 22 0
755 75 0
756 63 0
757 13 1
758 58 1
759 22 0
760 87 0
761 39 1
762 83 0
763 4 0
764 87 1
765 56 0
766 78 0
767 61 0
768 30 1
769 33 0
770 83 0
771 12 1
772 37 1
773 18 1
774 59 0
775 15 1
776 67 1
777 41 1
778 56 0
779 71 1
780 53 0
781 20 1
782 80 1
783 17 0
784 72 1
785 58 1
786 50 0
787 50 1
788 70 1
789 46 0
790 12 0
791 80 0
792 1 0
793 16 1
794 64 0
795 15 0
796 40 0
797 6 1
798 64 0
799 29 0
800 72 0
801 29 1
802 37 1
803 18 0
804 36 1
805 69 1
806 19 0
807 57 0
808 77 0
809 44 1
810 84 1
811 5 0
812 43 1
813 56 0
814 4 1
815 29 1
816 58 1
817 12 0
818 52 0
819 32 0
820 55 1
821 67 1
822 40 0
823 70 1
824 96 1
825 9 1
826 19 1
827 69 1
828 3 0
829 84 0
830 79 1
831 1 1
832 71 1
833 8 0
834 93 0
835 92 1
836 53 1
837 23 1
838 62 0
839 94 0
840 1 0
841 98 1
842 37 1
843 82 1
844 71 1
845 75 1
846 54 1
847 80 1
848 94 1
849 89 1
850 94 0
851 53 1
852 8 1
853 55 1
854 1 1
855 62 0
856 16 0
857 69 0
858 63 1
859 78 1
860 43 0
861 80 1
862 95 0
863 91 0
864 88 0
865 99 0
866 47 1
867 57 1
868 3 1
869 85 0
870 69 1
871 23 1
872 10 0
873 80 0
874 56 0
875 39 0
876 63 0
877 57 1
878 61 1
879 46 0
880 27 0
881 13 1
882 34 0
883 62 1
884 71 0
885 2 0
886 39 1
887 46 1
888 94 1
889 28 0
890 96 1
891 38 0
892 48 1
893 100 1
894 36 1
895 5 1
896 97 0
897 80 1
898 41 1
899 85 0
900 51 0
901 37 1
902 10 0
903 22 0
904 92 0
905 12 0
906 63 1
907 63 0
908 65 1
909 2 1
910 36 1
911 51 0
912 26 1
913 85 1
914 75 1
915 26 0
916 99 0
917 52 0
918 46 1
919 94 0
920 72 0
921 70 1
922 66 1
923 58 0
924 54 0
925 99 1
926 6 1
927 90 0
928 56 0
929 82 1
930 73 0
931 36 0
932 11 0
933 49 0
934 35 1
935 89 0
936 51 1
937 72 1
938 4 0
939 54 0
940 4 1
941 59 1
942 82 0
943 8 1
944 73 0
945 27 1
946 2 0
947 25 0
948 100 0
949 66 0
950 98 1
951 92 1
952 84 0
953 27 1
954 74 1
955 1 0
956 78 0
957 54 1
958 30 0
959 82 0
960 9 0
961 82 0
962 54 0
963 83 0
964 17 1
965 9 1
966 15 0
967 71 1
968 76 0
969 83 1
970 67 0
971 69 0
972 56 0
973 23 1
974 76 1
975 40 1
976 38 1
977 9 1
978 85 1
979 91 1
980 63 0
981 55 1
982 24 1
983 14 1
984 73 0
985 52 0
986 35 0
987 79 0
988 59 1
989 15 0
990 43 0
991 98 0
992 46 1
993 77 0
994 12 1
995 49 1
996 48 1
997 15 0
998 31 0
999 64 1
1000 38 1
1001 54 0
1002 26 0
1003 7 1
1004 17 0
1005 11 0
1006 16 0
1007 23 1
1008 68 1
1009 54 0
1010 14 0
1011 9 1
1012 95 0
1013 43 1
1014 99 0
1015 83 1
1016 4 0
1017 76 0
1018 81 1
1019 84 1
1020 13 0
1021 60 0
1022 38 1
1023 72 0
1024 45 0
1025 80 1
1026 27 1
1027 42 1
1028 37 0
1029 89 0
1030 20 1
1031 49 1
1032 57 0
1033 43 0
1034 39 0
1035 92 1
1036 32 0
1037 85 0
1038 17 1
1039 85 1
1040 32 1
1041 31 1
1042 56 0
1043 41 0
1044 20 1
1045 42 1
1046 15 1
1047 67 0
1048 56 1
1049 84 0
1050 64 0
1051 97 0
1052 44 1
1053 77 1
1054 85 1
1055 90 0
1056 29 1
1057 18 0
1058 60 0
1059 19 0
1060 67 0
1061 30 0
1062 67 1
1063 57 0
1064 73 0
1065 92 0
1066 49 0
1067 56 0
1068 60 1
1069 95 1
1070 7 1
1071 35 1
1072 80 1
1073 27 0
1074 99 0
1075 5 1
1076 78 0
1077 81 1
1078 85 0
1079 58 0
1080 25 1
1081 6 0
1082 49 0
1083 77 1
1084 5 1
1085 4 1
1086 74 0
1087 52 1
1088 42 0
1089 40 1
1090 90 1
1091 54 1
1092 33 0
1093 58 0
1094 39 0
1095 32 0
1096 38 0
1097 93 0
1098 12 1
1099 55 1
1100 13 1
1101 4 1
1102 2 1
1103 64 0
1104 46 1
1105 14 1
1106 48 0
1107 1 0
1108 57 1
1109 66 1
1110 100 1
1111 93 1
1112 23 0
1113 28 0
1114 51 1
1115 4 0
1116 98 0
1117 99 0
1118 76 1
1119 8 0
1120 41 1
1121 72 0
1122 13 0
1123 37 1
1124 86 0
1125 10 1
1126 57 0
1127 6 1
1128 93 0
1129 20 1
1130 69 0
1131 58 1
1132 52 0
1133 28 0
1134 67 1
1135 48 1
1136 81 0
1137 44 1
1138 22 0
1139 7 1
1140 66 0
1141 96 0
1142 35 1
1143 27 0
1144 14 1
1145 49 1
1146 2 1
1147 38 0
1148 10 0
1149 1 0
1150 47 0
1151 28 1
1152 37 1
1153 28 0
1154 6 0
1155 43 0
1156 91 1
1157 36 0
1158 51 1
1159 60 0
1160 25 0
1161 31 0
1162 78 1
1163 52 1
1164 20 1
1165 64 0
1166 81 1
1167 47 0
1168 86 1
1169 57 1
1170 57 1
1171 93 1
1172 28 0
1173 44 1
1174 53 1
1175 32 1
1176 79 1
1177 85 0
1178 54 0
1179 92 1
1180 74 0
1181 66 0
1182 28 0
1183 27 0
1184 86 1
1185 3 0
1186 63 0
1187 29 0
1188 62 0
1189 38 1
1190 43 0
1191 88 0
1192 71 0
1193 68 1
1194 81 0
1195 5 0
1196 77 0
1197 59 0
1198 8 0
1199 38 0
1200 75 0
1201 6 1
1202 41 0
1203 6 1
1204 84 0
1205 72 0
1206 95 1
1207 97 1
1208 45 1
1209 5 1
1210 40 0
1211 92 0
1212 12 1
1213 66 0
1214 6 1
1215 41 0
1216 100 1
1217 9 0
1218 66 0
1219 1 0
1220 98 1
1221 36 0
1222 68 1
1223 40 1
1224 53 1
1225 90 0
1226 2 0
1227 6 1
1228 71 0
1229 13 1
1230 97 1
1231 80 1
1232 50 1
1233 62 1
1234 11 1
1235 78 1
1236 20 0
1237 90 1
1238 55 1
1239 92 0
1240 60 1
1241 55 0
1242 7 1
1243 85 0
1244 58 0
1245 26 0
1246 53 1
1247 87 1
1248 67 0
1249 11 1
1250 43 0
1251 85 1
1252 79 0
1253 64 1
1254 75 1
1255 12 1
1256 9 0
1257 38 0
1258 15 1
1259 89 1
1260 58 0
1261 38 1
1262 42 0
1263 81 1
1264 31 1
1265 45 0
1266 54 0
1267 58 0
1268 14 0
1269 25 1
1270 76 0
1271 75 0
1272 20 1
1273 73 0
1274 55 0
1275 64 0
1276 66 1
1277 17 1
1278 93 0
1279 99 1
1280 100 1
1281 20 0
1282 36 0
1283 52 1
1284 73 1
1285 8 1
1286 34 1
1287 82 0
1288 26 0
1289 70 1
1290 78 1
1291 8 0
1292 87 0
1293 66 0
1294 61 1
1295 1 0
1296 48 1
1297 28 0
1298 74 0
1299 45 1
1300 53 1
1301 54 1
1302 18 1
1303 49 1
1304 38 1
1305 39 0
1306 100 1
1307 7 1
1308 72 0
1309 95 0
1310 31 0
1311 63 0
1312 22 0
1313 64 0
1314 11 1
1315 63 0
1316 61 1
1317 71 1
1318 95 1
1319 48 0
1320 76 1
1321 28 1
1322 98 0
1323 67 1
1324 49 0
1325 46 1
1326 81 1
1327 49 0
1328 87 1
1329 61 0
1330 23 0
1331 55 0
1332 45 0
1333 70 1
1334 58 0
1335 71 1
1336 9 0
1337 87 0
1338 43 0
1339 76 0
1340 94 1
1341 100 1
1342 21 1
1343 11 0
1344 77 1
1345 55 0
1346 11 0
1347 88 1
1348 6 1
1349 69 1
1350 61 1
1351 25 1
1352 48 1
1353 71 0
1354 67 0
1355 16 0
1356 56 1
1357 9 0
1358 19 0
1359 52 1
1360 46 1
1361 18 1
1362 6 0
1363 52 1
1364 15 1
1365 18 1
1366 54 0
1367 43 0
1368 81 1
1369 67 0
1370 99 0
1371 49 0
1372 34 1
1373 57 1
1374 5 0
1375 29 1
1376 22 0
1377 58 1
1378 64 1
1379 53 1
1380 24 0
1381 6 0
1382 17 0
1383 42 1
1384 45 1
1385 72 0
1386 26 1
1387 29 1
1388 37 0
1389 36 0
1390 37 1
1391 18 0
1392 12 0
1393 86 1
1394 42 0
1395 21 0
1396 66 0
1397 25 0
1398 52 1
1399 23 1
1400 51 0
1401 46 1
1402 100 0
1403 22 1
1404 47 1
1405 37 0
1406 71 1
1407 83 0
1408 100 0
1409 52 1
1410 50 1
1411 66 0
1412 15 0
1413 35 1
1414 29 0
1415 45 1
1416 23 1
1417 57 1
1418 66 0
1419 89 1
1420 66 1
1421 89 0
1422 17 1
1423 7 1
1424 82 1
1425 70 0
1426 35 1
1427 24 0
1428 58 0
1429 68 1
1430 76 1
1431 83 0
1432 29 1
1433 40 0
1434 31 0
1435 37 1
1436 34 1
1437 28 0
1438 89 0
1439 60 0
1440 35 0
1441 29 1
1442 98 1
1443 49 0
1444 92 1
1445 23 0
1446 83 0
1447 32 0
1448 18 0
1449 69 0
1450 27 0
1451 100 1
1452 73 0
1453 54 0
1454 23 0
1455 96 0
1456 10 0
1457 21 0
1458 73 0
1459 79 0
1460 95 0
1461 5 0
1462 36 1
1463 9 0
1464 13 1
1465 50 1
1466 54 1
1467 24 1
1468 81 0
1469 39 0
1470 17 0
1471 24 1
1472 71 0
1473 5 1
1474 19 1
1475 44 0
1476 54 0
1477 54 1
1478 82 1
1479 82 0
1480 87 1
1481 96 1
1482 69 1
1483 82 1
1484 2 0
1485 58 0
1486 1 0
1487 8 0
1488 94 1
1489 78 1
1490 25 1
1491 86 0
1492 69 0
1493 82 1
1494 94 0
1495 75 0
1496 51 1
1497 90 1
1498 23 1
1499 94 1
1500 90 0
1501 24 1
1502 94 0
1503 96 1
1504 32 1
1505 9 0
1506 41 1
1507 73 1
1508 17 1
1509 1 0
1510 43 0
1511 27 0
1512 65 0
1513 50 1
1514 64 1
1515 72 1
1516 79 0
1517 17 1
1518 49 1
1519 55 0
1520 85 1
1521 64 1
1522 45 0
1523 91 1
1524 53 1
1525 26 1
1526 25 0
1527 68 0
1528 69 1
1529 31 0
1530 1 0
1531 76 0
1532 48 1
1533 57 0
1534 8 0
1535 42 1
1536 95 0
1537 52 0
1538 77 1
1539 79 1
1540 78 1
1541 79 0
1542 32 0
1543 12 0
1544 76 1
1545 88 1
1546 5 1
1547 89 0
1548 18 0
1549 96 1
1550 14 1
1551 29 0
1552 84 1
1553 80 0
1554 4 0
1555 28 0
1556 70 1
1557 14 1
1558 21 1
1559 28 0
1560 49 0
1561 18 0
1562 73 1
1563 12 1
1564 24 1
1565 93 0
1566 100 1
1567 80 1
1568 51 1
1569 30 1
1570 22 0
1571 51 0
1572 19 0
1573 24 0
1574 71 0
1575 68 0
1576 24 1
1577 85 1
1578 31 1
1579 69 1
1580 10 0
1581 10 1
1582 28 0
1583 7 1
1584 9 1
1585 48 1
1586 87 0
1587 12 1
1588 61 0
1589 4 1
1590 27 1
1591 75 0
1592 86 0
1593 20 0
1594 69 1
1595 100 0
1596 68 0
1597 41 0
1598 89 0
1599 78 0
1600 76 0
1601 55 0
1602 88 1
1603 63 1
1604 6 0
1605 88 0
1606 59 0
1607 75 1
1608 30 1
1609 97 1
1610 3 0
1611 33 0
1612 35 1
1613 55 0
1614 3 0
1615 12 1
1616 90 1
1617 39 1
1618 99 0
1619 75 0
1620 80 1
1621 10 1
1622 1 0
1623 82 1
1624 28 1
1625 54 1
1626 75 1
1627 15 1
1628 54 0
1629 87 1
1630 83 1
1631 18 1
1632 63 1
1633 92 0
1634 35 0
1635 6 1
1636 18 1
1637 7 1
1638 49 1
1639 29 0
1640 64 1
1641 36 0
1642 59 1
1643 15 0
1644 18 1
1645 79 1
1646 4 0
1647 56 0
1648 50 0
1649 73 0
1650 61 0
1651 66 1
1652 37 1
1653 23 0
1654 89 0
1655 4 0
1656 3 0
1657 87 1
1658 54 1
1659 22 0
1660 97 0
1661 73 1
1662 70 0
1663 38 0
1664 19 1
1665 83 0
1666 11 0
1667 20 0
1668 92 1
1669 34 0
1670 7 0
1671 79 1
1672 17 1
1673 91 0
1674 25 0
1675 5 1
1676 5 1
1677 15 1
1678 46 1
1679 63 0
1680 50 1
1681 22 0
1682 8 1
1683 52 1
1684 87 0
1685 56 1
1686 83 0
1687 13 1
1688 92 0
1689 67 0
1690 59 1
1691 95 0
1692 2 0
1693 55 1
1694 91 1
1695 53 1
1696 36 1
1697 94 0
1698 77 0
1699 97 0
1700 70 0
1701 36 1
1702 87 1
1703 19 0
1704 58 1
1705 5 1
1706 8 1
1707 71 1
1708 90 0
1709 9 1
1710 25 1
1711 78 1
1712 12 0
1713 39 0
1714 29 0
1715 13 1
1716 70 0
1717 99 0
1718 57 0
1719 30 1
1720 90 0
1721 63 1
1722 84 1
1723 64 0
1724 87 0
1725 71 1
1726 33 1
1727 99 1
1728 90 1
1729 69 0
1730 44 0
1731 42 0
1732 22 1
1733 65 0
1734 56 0
1735 31 0
1736 8 0
1737 2 1
1738 32 1
1739 31 1
1740 84 1
1741 27 0
1742 21 0
1743 92 1
1744 67 1
1745 95 1
1746 26 1
1747 49 1
1748 43 0
1749 98 1
1750 41 0
1751 61 1
1752 77 1
1753 90 1
1754 51 0
1755 8 1
1756 54 1
1757 11 1
1758 68 1
1759 25 1
1760 41 0
1761 2 0
1762 8 0
1763 14 0
1764 27 0
1765 58 1
1766 99 0
1767 11 0
1768 40 1
1769 58 0
1770 6 1
1771 23 0
1772 48 1
1773 17 0
1774 67 1
1775 81 1
1776 99 1
1777 10 1
1778 53 1
1779 8 0
1780 12 1
1781 80 1
1782 10 1
1783 60 1
1784 50 0
1785 80 1
1786 55 1
1787 87 1
1788 58 0
1789 82 0
1790 52 1
1791 33 1
1792 30 1
1793 43 1
1794 82 1
1795 53 1
1796 18 0
1797 66 1
1798 82 1
1799 73 0
1800 73 1
1801 30 0
1802 20 1
1803 34 1
1804 25 1
1805 9 1
1806 10 1
1807 5 1
1808 76 1
1809 57 0
1810 13 0
1811 91 1
1812 36 1
1813 22 1
1814 56 0
1815 34 1
1816 87 0
1817 85 0
1818 49 0
1819 14 0
1820 31 1
1821 40 1
1822 25 0
1823 41 1
1824 16 0
1825 51 0
1826 92 1
1827 83 0
1828 42 0
1829 57 1
1830 27 0
1831 47 0
1832 48 0
1833 61 0
1834 16 1
1835 32 1
1836 43 0
1837 17 0
1838 78 0
1839 73 1
1840 15 1
1841 22 1
1842 95 0
1843 45 1
1844 20 0
1845 82 1
1846 24 1
1847 4 0
1848 54 1
1849 5 1
1850 95 1
1851 48 1
1852 30 1
1853 57 0
1854 76 0
1855 85 0
1856 75 1
1857 7 1
1858 52 0
1859 77 1
1860 98 0
1861 83 1
1862 33 0
1863 80 1
1864 83 0
1865 7 0
1866 86 0
1867 6 1
1868 46 0
1869 40 1
1870 88 0
1871 44 0
1872 83 1
1873 75 0
1874 65 0
1875 3 1
1876 53 0
1877 74 1
1878 40 0
1879 40 0
1880 94 0
1881 89 1
1882 79 1
1883 69 0
1884 22 0
1885 90 0
1886 76 1
1887 11 1
1888 64 0
1889 5 1
1890 57 0
1891 94 0
1892 37 0
1893 80 0
1894 21 0
1895 69 0
1896 52 0
1897 12 1
1898 68 0
1899 22 0
1900 30 1
1901 26 1
1902 34 0
1903 62 1
1904 96 0
1905 72 0
1906 81 1
1907 79 0
1908 44 1
1909 57 0
1910 46 0
1911 100 1
1912 72 1
1913 4 0
1914 1 1
1915 37 0
1916 91 0
1917 78 1
1918 82 1
1919 25 0
1920 94 0
1921 59 0
1922 52 1
1923 6 0
1924 52 0
1925 1 1
1926 21 1
1927 60 1
1928 42 0
1929 33 0
1930 88 1
1931 70 0
1932 4 0
1933 40 1
1934 66 1
1935 83 0
1936 22 1
1937 15 0
1938 46 1
1939 75 0
1940 48 1
1941 8 1
1942 38 0
1943 56 1
1944 67 0
1945 34 1
1946 7 1
1947 65 0
1948 9 1
1949 45 1
1950 32 0
1951 42 1
1952 89 0
1953 96 0
1954 32 1
1955 5 0
1956 97 1
1957 13 0
1958 55 0
1959 83 0
1960 57 1
1961 13 1
1962 89 1
1963 17 0
1964 63 0
1965 61 1
1966 15 1
1967 20 0
1968 14 0
1969 26 0
1970 44 0
1971 38 0
1972 73 1
1973 53 0
1974 90 0
1975 26 0
1976 7 0
1977 44 0
1978 99 0
1979 12 0
1980 29 1
1981 95 1
1982 16 0
1983 30 1
1984 25 0
1985 32 1
1986 9 1
1987 64 0
1988 99 0
1989 68 1
1990 22 0
1991 85 0
1992 86 0
1993 8 0
1994 59 0
1995 52 0
1996 51 1
1997 89 1
1998 94 0
1999 64 1
2000 35 1
2001 76 0
2002 48 1
2003 32 0
2004 8 1
2005 70 1
2006 96 1
2007 52 0
2008 8 0
2009 85 1
2010 23 0
2011 26 0
2012 18 0
2013 53 0
2014 5 0
2015 74 0
2016 94 1
2017 60 1
2018 11 1
2019 74 0
2020 10 0
2021 3 0
2022 11 1
2023 98 0
2024 32 1
2025 94 1
2026 7 0
2027 10 0
2028 29 1
2029 4 0
2030 34 1
2031 91 1
2032 37 1
2033 85 1
2034 77 1
2035 10 1
2036 60 1
2037 86 1
2038 31 1
2039 53 0
2040 30 0
2041 57 1
2042 18 1
2043 99 1
2044 28 1
2045 58 1
2046 23 0
2047 40 0
2048 5 0
2049 27 0
2050 18 0
2051 43 1
2052 26 1
2053 36 0
2054 84 1
2055 99 0
2056 51 0
2057 64 1
2058 92 0
2059 43 1
2060 39 1
2061 71 1
2062 14 1
2063 61 0
2064 88 1
2065 57 0
2066 35 0
2067 66 1
2068 53 0
2069 78 1
2070 91 0
2071 37 0
2072 22 1
2073 76 1
2074 61 1
2075 76 1
2076 31 0
2077 98 0
2078 75 1
2079 14 1
2080 17 1
2081 61 1
2082 91 0
2083 60 0
2084 96 1
2085 1 0
2086 31 1
2087 55 0
2088 15 0
2089 57 1
2090 86 1
2091 55 0
2092 79 1
2093 36 0
2094 33 0
2095 83 0
2096 37 1
2097 81 1
2098 42 0
2099 86 0
2100 91 1
2101 4 1
2102 17 1
2103 24 1
2104 79 1
2105 43 1
2106 54 0
2107 88 0
2108 44 1
2109 82 1
2110 48 1
2111 32 1
2112 71 0
2113 74 0
2114 9 1
2115 99 1
2116 19 1
2117 86 0
2118 51 1
2119 42 1
2120 77 1
2121 1 0
2122 49 1
2123 66 1
2124 93 0
2125 1 1
2126 72 0
2127 48 1
2128 19 1
2129 60 0
2130 3 0
2131 2 0
2132 35 0
2133 46 1
2134 3 1
2135 87 1
2136 13 0
2137 72 1
2138 80 0
2139 75 0
2140 38 1
2141 64 0
2142 18 0
2143 40 0
2144 93 1
2145 31 0
2146 32 1
2147 18 0
2148 43 1
2149 57 1
2150 65 0
2151 60 0
2152 8 0
2153 100 0
2154 53 0
2155 13 0
2156 71 1
2157 78 1
2158 61 0
2159 68 0
2160 18 0
2161 14 0
2162 69 1
2163 60 1
2164 55 1
2165 27 0
2166 91 0
2167 81 0
2168 56 1
2169 65 0
2170 3 0
2171 69 1
2172 97 1
2173 50 0
2174 37 1
2175 44 1
2176 93 1
2177 43 1
2178 9 0
2179 24 0
2180 32 0
2181 100 0
2182 3 1
2183 22 1
2184 32 0
2185 51 1
2186 91 1
2187 15 0
2188 95 0
2189 97 0
2190 47 0
2191 67 1
2192 66 1
2193 16 0
2194 12 1
2195 94 1
2196 78 1
2197 91 1
2198 77 0
2199 10 0
2200 85 1
2201 74 1
2202 75 0
2203 79 1
2204 25 1
2205 31 0
2206 14 1
2207 91 1
2208 62 1
2209 38 1
2210 98 0
2211 42 0
2212 3 1
2213 18 1
2214 87 0
2215 90 0
2216 17 0
2217 57 0
2218 70 0
2219 8 0
2220 24 1
2221 40 0
2222 94 1
2223 22 0
2224 16 0
2225 16 0
2226 84 0
2227 87 1
2228 5 1
2229 67 0
2230 35 0
2231 63 1
2232 99 1
2233 61 0
2234 93 0
2235 68 1
2236 7 0
2237 80 0
2238 35 1
2239 85 0
2240 8 1
2241 96 1
2242 13 0
2243 10 0
2244 87 0
2245 63 0
2246 16 1
2247 47 0
2248 52 1
2249 14 1
2250 83 0
2251 45 0
2252 34 1
2253 74 1
2254 50 0
2255 92 0
2256 99 1
2257 56 0
2258 58 1
2259 71 1
2260 97 1
2261 98 1
2262 91 1
2263 78 1
2264 74 0
2265 80 1
2266 76 1
2267 80 1
2268 46 1
2269 51 0
2270 43 1
2271 75 0
2272 92 0
2273 14 0
2274 49 0
2275 54 0
2276 32 1
2277 36 1
2278 11 0
2279 86 0
2280 43 0
2281 26 1
2282 68 0
2283 96 1
2284 90 1
2285 43 1
2286 12 1
2287 53 0
2288 67 1
2289 88 1
2290 85 1
2291 27 0
2292 27 1
2293 44 1
2294 24 0
2295 45 1
2296 11 1
2297 94 1
2298 20 0
2299 43 0
2300 94 1
2301 18 1
2302 55 1
2303 63 0
2304 20 1
2305 2 1
2306 19 1
2307 13 1
2308 3 0
2309 23 1
2310 38 0
2311 56 0
2312 76 0
2313 22 1
2314 51 0
2315 15 1
2316 98 1
2317 48 0
2318 27 0
2319 97 0
2320 88 1
2321 82 0
2322 37 0
2323 22 0
2324 18 0
2325 81 1
2326 58 0
2327 35 1
2328 84 1
2329 55 1
2330 9 1
2331 2 1
2332 87 1
2333 73 0
2334 80 1
2335 99 0
2336 86 0
2337 91 0
2338 50 0
2339 80 0
2340 14 0
2341 26 1
2342 83 0
2343 54 1
2344 91 1
2345 41 1
2346 39 0
2347 38 0
2348 56 1
2349 68 1
2350 27 0
2351 1 1
2352 11 1
2353 28 1
2354 66 0
2355 4 1
2356 42 1
2357 38 1
2358 5 0
2359 37 0
2360 95 0
2361 64 1
2362 12 1
2363 83 0
2364 78 0
2365 50 1
2366 7 0
2367 19 1
2368 66 1
2369 26 1
2370 54 1
2371 93 1
2372 99 0
2373 97 0
2374 13 1
2375 27 1
2376 74 1
2377 43 1
2378 24 1
2379 83 1
2380 40 0
2381 3 0
2382 25 0
2383 24 1
2384 3 1
2385 61 0
2386 77 0
2387 5 1
2388 92 0
2389 90 1
2390 90 1
2391 22 1
2392 20 1
2393 35 0
2394 8 0
2395 68 1
2396 70 0
2397 11 1
2398 7 1
2399 73 0
2400 50 0
2401 36 0
2402 59 0
2403 78 0
2404 5 0
2405 38 0
2406 81 1
2407 4 0
2408 99 1
2409 69 1
2410 15 0
2411 56 1
2412 44 1
2413 97 0
2414 83 0
2415 42 0
2416 48 0
2417 1 0
2418 88 1
2419 74 0
2420 71 1
2421 65 0
2422 56 1
2423 77 0
2424 89 0
2425 70 0
2426 97 0
2427 17 1
2428 47 0
2429 91 0
2430 5 0
2431 95 1
2432 16 0
2433 2 0
2434 45 1
2435 7 0
2436 65 1
2437 67 1
2438 53 0
2439 99 1
2440 17 1
2441 9 0
2442 66 1
2443 8 1
2444 46 0
2445 87 0
2446 19 0
2447 47 0
2448 14 1
2449 88 0
2450 73 1
2451 77 0
2452 39 1
2453 7 1
2454 31 1
2455 77 1
2456 84 1
2457 85 1
2458 95 1
2459 72 1
2460 13 0
2461 82 0
2462 3 0
2463 36 0
2464 87 0
2465 83 0
2466 41 1
2467 38 0
2468 25 0
2469 87 0
2470 83 1
2471 42 1
2472 69 0
2473 73 1
2474 87 0
2475 75 1
2476 73 1
2477 15 0
2478 60 1
2479 16 1
2480 18 0
2481 43 0
2482 16 0
2483 96 0
2484 100 1
2485 77 0
2486 24 1
2487 75 0
2488 64 1
2489 46 0
2490 71 1
2491 31 1
2492 21 1
2493 24 1
2494 59 0
2495 64 0
2496 39 0
2497 28 0
2498 58 1
2499 13 0
2500 51 1
2501 50 1
2502 70 0
2503 80 0
2504 41 1
2505 52 0
2506 70 0
2507 77 1
2508 69 1
2509 16 0
2510 23 0
2511 8 1
2512 27 1
2513 1 0
2514 87 1
2515 31 0
2516 79 1
2517 50 1
2518 62 1
2519 77 0
2520 45 1
2521 71 0
2522 72 0
2523 37 1
2524 5 1
2525 38 1
2526 44 0
2527 64 0
2528 33 1
2529 63 1
2530 24 1
2531 19 0
2532 26 0
2533 56 1
2534 35 0
2535 9 0
2536 71 0
2537 55 0
2538 21 1
2539 19 1
2540 30 0
2541 3 1
2542 70 1
2543 31 1
2544 57 1
2545 18 1
2546 76 1
2547 96 1
2548 82 0
2549 54 1
2550 53 0
2551 38 0
2552 23 1
2553 91 1
2554 30 1
2555 19 1
2556 88 0
2557 31 0
2558 14 0
2559 34 0
2560 75 1
2561 70 1
2562 52 0
2563 100 1
2564 15 0
2565 94 0
2566 76 0
2567 78 0
2568 82 1
2569 72 0
2570 66 1
2571 52 0
2572 65 1
2573 41 0
2574 83 0
2575 13 1
2576 8 1
2577 31 1
2578 50 0
2579 57 1
2580 67 0
2581 33 1
2582 25 1
2583 30 0
2584 43 0
2585 58 1
2586 61 0
2587 87 0
2588 67 1
2589 59 1
2590 10 0
2591 28 0
2592 91 0
2593 44 0
2594 68 1
2595 12 0
2596 64 1
2597 63 0
2598 15 0
2599 82 1
2600 10 1
2601 13 0
2602 44 0
2603 80 1
2604 37 1
2605 11 1
2606 58 0
2607 95 1
2608 1 1
2609 26 1
2610 98 0
2611 29 0
2612 6 1
2613 48 1
2614 22 0
2615 41 1
2616 36 0
2617 5 1
2618 34 1
2619 71 1
2620 32 1
2621 94 0
2622 19 1
2623 14 1
2624 25 0
2625 29 0
2626 54 0
2627 28 1
2628 39 1
2629 83 1
2630 51 0
2631 1 1
2632 12 0
2633 69 0
2634 15 0
2635 56 0
2636 54 1
2637 44 0
2638 77 0
2639 72 0
2640 99 1
2641 41 0
2642 54 0
2643 12 1
2644 89 0
2645 74 1
2646 69 1
2647 76 0
2648 46 1
2649 47 0
2650 96 1
2651 82 1
2652 17 1
2653 29 1
2654 13 0
2655 74 0
2656 67 1
2657 90 1
2658 5 1
2659 7 0
2660 24 0
2661 23 1
2662 37 0
2663 99 0
2664 91 0
2665 81 1
2666 52 1
2667 83 1
2668 45 0
2669 89 0
2670 2 0
2671 84 1
2672 54 0
2673 100 1
2674 76 1
2675 55 1
2676 90 0
2677 39 0
2678 9 1
2679 58 1
2680 6 0
2681 52 1
2682 47 1
2683 81 0
2684 9 1
2685 99 1
2686 48 1
2687 78 1
2688 27 1
2689 70 1
2690 98 0
2691 21 0
2692 81 0
2693 34 0
2694 71 1
2695 57 1
2696 67 1
2697 75 1
2698 46 0
2699 80 1
2700 89 1
2701 8 1
2702 16 0
2703 91 0
2704 66 1
2705 69 1
2706 63 0
2707 57 1
2708 100 1
2709 87 1
2710 2 1
2711 23 0
2712 26 0
2713 36 1
2714 3 1
2715 10 0
2716 9 1
2717 64 1
2718 65 1
2719 9 0
2720 64 1
2721 1 1
2722 28 0
2723 62 0
2724 28 1
2725 52 1
2726 43 0
2727 37 1
2728 80 1
2729 25 0
2730 73 0
2731 18 1
2732 10 1
2733 51 1
2734 15 1
2735 2 0
2736 88 0
2737 6 1
2738 39 0
2739 98 1
2740 23 1
2741 79 0
2742 93 1
2743 96 0
2744 4 1
2745 99 1
2746 97 0
2747 35 0
2748 38 1
2749 60 1
2750 50 0
2751 67 0
2752 18 1
2753 59 1
2754 75 0
2755 71 0
2756 60 0
2757 61 0
2758 84 0
2759 54 0
2760 51 0
2761 90 0
2762 21 1
2763 82 1
2764 56 0
2765 49 0
2766 47 0
2767 12 1
2768 83 1
2769 78 0
2770 73 0
2771 46 1
2772 52 1
2773 58 1
2774 73 0
2775 47 1
2776 19 1
2777 26 0
2778 12 0
2779 31 0
2780 65 0
2781 12 0
2782 77 0
2783 37 1
2784 18 0
2785 77 0
2786 67 0
2787 71 0
2788 61 1
2789 65 0
2790 46 1
2791 69 0
2792 19 1
2793 11 1
2794 34 1
2795 10 0
2796 51 0
2797 82 0
2798 9 1
2799 61 1
2800 71 1
2801 9 0
2802 84 1
2803 81 1
2804 58 0
2805 84 1
2806 54 0
2807 30 1
2808 68 0
2809 48 0
2810 80 1
2811 94 1
2812 41 1
2813 27 0
2814 2 1
2815 21 1
2816 2 0
2817 98 0
2818 48 1
2819 34 1
2820 95 1
2821 81 1
2822 34 1
2823 31 0
2824 68 1
2825 46 1
2826 69 1
2827 53 0
2828 76 0
2829 83 1
2830 48 0
2831 9 0
2832 84 1
2833 35 1
2834 76 1
2835 4 0
2836 33 0
2837 33 1
2838 92 1
2839 20 0
2840 30 0
2841 49 0
2842 18 0
2843 69 0
2844 71 0
2845 93 1
2846 63 1
2847 69 0
2848 32 1
2849 18 1
2850 15 0
2851 20 0
2852 11 1
2853 80 1
2854 95 1
2855 69 1
2856 6 0
2857 5 1
2858 33 1
2859 83 1
2860 22 1
2861 99 0
2862 28 0
2863 33 0
2864 75 1
2865 77 0
2866 37 0
2867 30 1
2868 81 1
2869 34 1
2870 67 0
2871 70 0
2872 1 1
2873 30 0
2874 56 0
2875 51 1
2876 37 0
2877 83 0
2878 82 0
2879 17 0
2880 16 1
2881 49 0
2882 79 1
2883 70 1
2884 8 1
2885 78 0
2886 65 1
2887 98 0
2888 21 0
2889 11 1
2890 19 0
2891 85 0
2892 69 1
2893 94 0
2894 29 0
2895 24 1
2896 75 1
2897 6 0
2898 4 1
2899 92 0
2900 63 0
2901 98 1
2902 72 0
2903 19 1
2904 93 0
2905 6 0
2906 80 0
2907 16 0
2908 13 1
2909 19 0
2910 66 1
2911 79 1
2912 12 0
2913 56 0
2914 36 0
2915 39 0
2916 66 1
2917 12 0
2918 64 0
2919 47 0
2920 50 0
2921 73 0
2922 65 1
2923 61 0
2924 78 0
2925 16 1
2926 84 0
2927 26 0
2928 36 0
2929 42 1
2930 96 1
2931 4 0
2932 81 0
2933 49 0
2934 14 1
2935 54 0
2936 38 1
2937 77 1
2938 89 0
2939 60 0
2940 14 1
2941 75 0
2942 3 0
2943 93 0
2944 30 0
2945 82 0
2946 31 0
2947 67 0
2948 17 1
2949 1 1
2950 25 1
2951 62 0
2952 80 0
2953 49 1
2954 65 0
2955 33 1
2956 23 1
2957 29 1
2958 72 0
2959 31 1
2960 90 1
2961 90 1
2962 17 0
2963 32 0
2964 61 0
2965 99 1
2966 89 1
2967 82 1
2968 81 0
2969 27 0
2970 32 0
2971 28 1
2972 13 0
2973 42 1
2974 34 0
2975 42 0
2976 93 0
2977 23 0
2978 58 1
2979 14 0
2980 78 0
2981 45 0
2982 67 0
2983 9 1
2984 52 1
2985 81 0
2986 58 1
2987 4 1
2988 2 0
2989 82 1
2990 57 1
2991 48 0
2992 58 0
2993 4 1
2994 87 1
2995 91 0
2996 43 1
2997 9 0
2998 74 1
2999 92 1
3000 85 0
3001 89 1
3002 39 0
3003 47 1
3004 92 0
3005 57 0
3006 78 1
3007 26 1
3008 13 0
3009 59 0
3010 31 1
3011 53 0
3012 12 1
3013 32 1
3014 58 1
3015 99 1
3016 84 0
3017 61 1
3018 36 1
3019 59 0
3020 59 0
3021 6 1
3022 88 1
3023 4 0
3024 3 1
3025 54 0
3026 11 0
3027 81 0
3028 49 0
3029 22 1
3030 60 0
3031 54 1
3032 30 0
3033 13 0
3034 64 1
3035 97 0
3036 89 1
3037 11 0
3038 43 1
3039 98 1
3040 47 1
3041 86 0
3042 78 0
3043 7 0
3044 67 0
3045 94 1
3046 82 0
3047 96 1
3048 82 1
3049 63 1
3050 40 1
3051 69 0
3052 52 0
3053 50 0
3054 59 1
3055 75 0
3056 77 1
3057 27 0
3058 8 1
3059 51 0
3060 21 0
3061 98 1
3062 23 1
3063 23 1
3064 12 0
3065 65 0
3066 70 0
3067 70 0
3068 91 0
3069 7 1
3070 17 1
3071 24 1
3072 38 1
3073 17 1
3074 9 0
3075 84 1
3076 43 0
3077 20 0
3078 8 0
3079 81 1
3080 1 0
3081 13 0
3082 60 1
3083 18 1
3084 95 0
3085 8 1
3086 20 0
3087 85 0
3088 48 1
3089 64 1
3090 82 1
3091 31 1
3092 14 1
3093 81 1
3094 59 1
3095 39 1
3096 44 0
3097 97 0
3098 42 1
3099 47 1
3100 31 1
3101 40 0
3102 73 0
3103 54 1
3104 10 0
3105 79 0
3106 22 1
3107 41 0
3108 89 0
3109 9 0
3110 55 0
3111 85 1
3112 45 0
3113 17 0
3114 6 1
3115 78 0
3116 47 0
3117 98 0
3118 34 0
3119 79 1
3120 65 1
3121 48 0
3122 53 1
3123 8 0
3124 36 0
3125 32 1
3126 8 1
3127 90 1
3128 89 1
3129 7 0
3130 10 1
3131 87 0
3132 63 0
3133 79 1
3134 66 1
3135 60 0
3136 39 0
3137 21 1
3138 60 0
3139 84 1
3140 68 0
3141 49 1
3142 23 1
3143 52 0
3144 3 1
3145 70 1
3146 2 0
3147 1 1
3148 52 1
3149 51 1
3150 50 1
3151 16 1
3152 63 1
3153 19 1
3154 58 1
3155 43 1
3156 76 1
3157 94 1
3158 99 0
3159 81 0
3160 59 0
3161 45 0
3162 92 0
3163 70 1
3164 57 0
3165 82 0
3166 36 0
3167 88 1
3168 17 1
3169 1 1
3170 87 1
3171 39 0
3172 96 0
3173 73 1
3174 64 1
3175 46 1
3176 78 1
3177 77 1
3178 54 0
3179 92 0
3180 38 0
3181 79 1
3182 63 0
3183 36 0
3184 58 0
3185 29 1
3186 83 1
3187 85 1
3188 9 0
3189 27 0
3190 7 0
3191 67 1
3192 19 1
3193 78 1
3194 87 0
3195 56 1
3196 32 0
3197 20 0
3198 3 1
3199 8 0
3200 21 1
3201 1 0
3202 79 1
3203 45 0
3204 38 1
3205 67 0
3206 47 0
3207 84 0
3208 58 0
3209 32 0
3210 88 1
3211 2 0
3212 18 1
3213 83 0
3214 21 0
3215 35 0
3216 18 1
3217 18 1
3218 67 0
3219 3 1
3220 55 0
3221 75 1
3222 60 0
3223 20 0
3224 47 1
3225 22 0
3226 12 0
3227 90 1
3228 57 0
3229 17 0
3230 75 0
3231 71 1
3232 42 1
3233 16 0
3234 33 0
3235 95 0
3236 8 1
3237 1 1
3238 55 1
3239 24 1
3240 83 0
3241 41 1
3242 11 1
3243 67 0
3244 83 0
3245 42 1
3246 56 0
3247 54 1
3248 28 0
3249 39 1
3250 95 1
3251 76 1
3252 58 0
3253 67 0
3254 67 0
3255 29 0
3256 73 0
3257 46 1
3258 98 1
3259 67 1
3260 82 1
3261 13 0
3262 41 0
3263 77 1
3264 88 1
3265 27 1
3266 28 0
3267 59 0
3268 40 0
3269 27 0
3270 24 0
3271 85 1
3272 6 1
3273 99 0
3274 47 0
3275 76 0
3276 45 0
3277 88 1
3278 12 1
3279 52 1
3280 19 1
3281 95 1
3282 4 0
3283 4 1
3284 39 0
3285 9 1
3286 87 0
3287 64 0
3288 45 0
3289 96 1
3290 28 0
3291 99 1
3292 13 1
3293 29 1
3294 40 0
3295 79 1
3296 20 0
3297 60 1
3298 24 1
3299 63 0
3300 13 0
3301 11 0
3302 6 0
3303 60 1
3304 66 0
3305 43 0
3306 5 0
3307 95 0
3308 33 0
3309 69 1
3310 58 0
3311 73 1
3312 75 1
3313 42 0
3314 83 1
3315 4 1
3316 4 0
3317 32 1
3318 64 1
3319 15 0
3320 89 1
3321 42 0
3322 69 0
3323 78 0
3324 1 0
3325 40 1
3326 93 0
3327 75 1
3328 45 0
3329 29 0
3330 2 1
3331 14 1
3332 28 1
3333 75 1
3334 2 0
3335 30 1
3336 15 1
3337 3 0
3338 8 0
3339 46 1
3340 90 0
3341 82 0
3342 37 0
3343 41 1
3344 32 1
3345 49 1
3346 99 1
3347 39 0
3348 79 1
3349 45 1
3350 58 0
3351 21 0
3352 87 1
3353 100 0
3354 70 0
3355 53 0
3356 82 0
3357 2 0
3358 6 1
3359 51 1
3360 55 1
3361 97 1
3362 88 0
3363 5 1
3364 31 1
3365 18 1
3366 63 0
3367 92 1
3368 61 1
3369 50 0
3370 32 1
3371 1 0
3372 76 0
3373 9 1
3374 81 1
3375 69 1
3376 7 1
3377 38 0
3378 77 1
3379 93 1
3380 36 0
3381 74 1
3382 77 1
3383 3 0
3384 2 0
3385 68 0
3386 65 1
3387 14 0
3388 9 1
3389 19 1
3390 69 0
3391 43 0
3392 26 1
3393 8 0
3394 64 1
3395 39 1
3396 56 1
3397 60 0
3398 57 0
3399 61 0
3400 57 1
3401 44 0
3402 33 1
3403 74 1
3404 3 1
3405 48 1
3406 38 1
3407 12 0
3408 31 1
3409 79 1
3410 15 1
3411 30 0
3412 65 1
3413 97 1
3414 18 0
3415 32 1
3416 46 1
3417 32 1
3418 1 1
3419 44 1
3420 85 1
3421 16 1
3422 53 1
3423 65 1
3424 50 0
3425 27 1
3426 22 0
3427 75 0
3428 83 1
3429 38 0
3430 4 0
3431 98 1
3432 73 1
3433 93 1
3434 19 0
3435 7 1
3436 31 1
3437 47 0
3438 5 1
3439 14 1
3440 24 0
3441 27 1
3442 3 1
3443 35 0
3444 40 0
3445 9 0
3446 88 0
3447 63 0
3448 83 0
3449 23 1
3450 78 1
3451 68 0
3452 94 1
3453 32 1
3454 14 0
3455 55 0
3456 36 0
3457 97 1
3458 8 0
3459 56 0
3460 78 0
3461 2 1
3462 37 1
3463 85 0
3464 100 1
3465 22 1
3466 83 1
3467 83 0
3468 5 1
3469 68 0
3470 29 0
3471 35 0
3472 18 1
3473 19 1
3474 12 0
3475 70 1
3476 16 0
3477 83 1
3478 79 0
3479 71 0
3480 26 1
3481 25 0
3482 12 1
3483 63 0
3484 72 1
3485 23 1
3486 25 1
3487 28 1
3488 43 0
3489 82 1
3490 52 1
3491 35 1
3492 55 1
3493 54 0
3494 7 0
3495 84 1
3496 7 0
3497 6 0
3498 32 0
3499 6 0
3500 52 0
3501 97 0
3502 74 0
3503 52 0
3504 98 0
3505 10 1
3506 27 1
3507 53 1
3508 1 0
3509 84 0
3510 72 0
3511 41 1
3512 70 1
3513 71 1
3514 72 1
3515 94 0
3516 8 1
3517 62 1
3518 9 1
3519 52 1
3520 79 0
3521 94 1
3522 97 1
3523 22 0
3524 13 0
3525 14 1
3526 18 0
3527 42 1
3528 83 1
3529 69 0
3530 23 0
3531 96 0
3532 84 0
3533 93 0
3534 89 1
3535 56 1
3536 31 1
3537 68 1
3538 18 0
3539 16 0
3540 52 0
3541 53 1
3542 21 1
3543 79 1
3544 95 1
3545 12 1
3546 37 0
3547 36 1
3548 69 0
3549 71 1
3550 2 1
3551 12 0
3552 37 1
3553 30 0
3554 7 0
3555 72 0
3556 100 1
3557 16 1
3558 86 1
3559 91 1
3560 65 0
3561 87 1
3562 62 0
3563 90 1
3564 94 1
3565 8 1
3566 68 0
3567 55 1
3568 33 1
3569 49 0
3570 7 1
3571 41 0
3572 76 0
3573 17 1
3574 8 1
3575 8 1
3576 66 1
3577 48 1
3578 75 1
3579 86 1
3580 39 1
3581 24 0
3582 96 1
3583 42 0
3584 60 1
3585 1 1
3586 26 0
3587 61 1
3588 48 0
3589 46 0
3590 80 1
3591 76 1
3592 76 1
3593 85 1
3594 11 0
3595 39 1
3596 60 1
3597 39 0
3598 61 0
3599 45 0
3600 5 1
3601 25 1
3602 97 1
3603 26 1
3604 61 1
3605 89 1
3606 57 0
3607 32 1
3608 25 1
3609 59 0
3610 2 0
3611 86 0
3612 90 0
3613 76 1
3614 96 0
3615 60 1
3616 4 0
3617 35 0
3618 83 1
3619 13 1
3620 6 0
3621 39 0
3622 19 1
3623 28 1
3624 53 1
3625 70 1
3626 41 0
3627 15 0
3628 76 0
3629 33 1
3630 31 1
3631 67 0
3632 65 1
3633 81 0
3634 8 1
3635 54 0
3636 15 0
3637 59 1
3638 42 1
3639 39 0
3640 6 0
3641 49 1
3642 83 0
3643 34 1
3644 75 0
3645 36 0
3646 56 0
3647 34 1
3648 45 0
3649 80 1
3650 57 0
3651 1 0
3652 5 0
3653 15 1
3654 35 1
3655 27 0
3656 82 0
3657 2 1
3658 44 1
3659 3 0
3660 54 0
3661 54 0
3662 59 1
3663 80 1
3664 79 1
3665 56 1
3666 77 1
3667 57 1
3668 63 1
3669 73 1
3670 61 1
3671 2 0
3672 20 1
3673 67 1
3674 69 1
3675 5 0
3676 93 0
3677 23 1
3678 18 1
3679 46 0
3680 43 1
3681 65 0
3682 76 1
3683 48 0
3684 93 1
3685 74 1
3686 16 0
3687 1 1
3688 37 0
3689 21 0
3690 29 0
3691 74 1
3692 52 1
3693 50 0
3694 75 1
3695 60 0
3696 98 0
3697 70 1
3698 91 1
3699 84 1
3700 75 1
3701 90 0
3702 21 0
3703 76 1
3704 64 0
3705 44 0
3706 24 1
3707 96 0
3708 100 1
3709 12 1
3710 2 1
3711 34 1
3712 75 1
3713 68 0
3714 85 1
3715 30 1
3716 2 1
3717 69 0
3718 95 1
3719 67 0
3720 5 1
3721 20 1
3722 18 1
3723 12 1
3724 84 0
3725 54 0
3726 61 0
3727 99 1
3728 23 1
3729 28 0
3730 86 0
3731 2 0
3732 9 0
3733 23 1
3734 82 0
3735 33 1
3736 49 0
3737 32 1
3738 100 0
3739 49 0
3740 64 0
3741 26 1
3742 14 0
3743 45 1
3744 96 1
3745 19 0
3746 46 1
3747 35 1
3748 81 0
3749 3 1
3750 91 0
3751 87 1
3752 58 1
3753 6 0
3754 21 0
3755 89 1
3756 77 0
3757 12 0
3758 81 0
3759 42 0
3760 68 0
3761 16 1
3762 50 1
3763 23 0
3764 41 0
3765 62 0
3766 89 1
3767 94 0
3768 7 1
3769 32 0
3770 94 0
3771 62 0
3772 70 0
3773 70 1
3774 44 0
3775 83 0
3776 18 1
3777 30 0
3778 5 1
3779 40 1
3780 61 1
3781 92 0
3782 72 1
3783 8 1
3784 49 0
3785 39 1
3786 62 0
3787 57 1
3788 39 1
3789 90 0
3790 81 1
3791 80 0
3792 39 1
3793 72 1
3794 20 0
3795 83 1
3796 57 0
3797 53 1
3798 64 1
3799 97 0
3800 50 1
3801 91 1
3802 57 1
3803 78 0
3804 89 1
3805 2 0
3806 63 0
3807 65 0
3808 66 0
3809 95 1
3810 58 1
3811 100 0
3812 58 0
3813 41 0
3814 22 1
3815 59 1
3816 85 1
3817 91 0
3818 79 1
3819 53 1
3820 34 1
3821 68 1
3822 59 0
3823 89 0
3824 15 1
3825 51 0
3826 83 1
3827 94 1
3828 67 1
3829 23 1
3830 89 0
3831 100 0
3832 74 1
3833 45 1
3834 21 0
3835 25 0
3836 73 0
3837 93 0
3838 27 0
3839 57 0
3840 47 0
3841 64 1
3842 15 1
3843 23 0
3844 68 0
3845 1 1
3846 10 0
3847 53 1
3848 18 0
3849 91 0
3850 2 1
3851 96 0
3852 39 1
3853 44 1
3854 94 1
3855 61 0
3856 65 1
3857 58 0
3858 7 1
3859 25 0
3860 26 1
3861 81 1
3862 88 1
3863 38 0
3864 92 0
3865 74 1
3866 2 1
3867 16 1
3868 22 1
3869 99 1
3870 9 1
3871 13 0
3872 21 1
3873 28 0
3874 38 0
3875 65 1
3876 76 1
3877 40 1
3878 55 0
3879 23 0
3880 20 0
3881 10 0
3882 34 0
3883 90 1
3884 49 0
3885 100 0
3886 86 1
3887 41 1
3888 39 1
3889 44 1
3890 48 1
3891 23 1
3892 6 0
3893 89 1
3894 3 0
3895 68 1
3896 35 1
3897 14 1
3898 1 0
3899 10 0
3900 93 1
3901 28 1
3902 32 1
3903 65 1
3904 96 1
3905 4 0
3906 74 1
3907 35 0
3908 13 0
3909 10 0
3910 89 1
3911 48 0
3912 80 0
3913 76 1
3914 35 0
3915 88 0
3916 72 0
3917 99 0
3918 15 1
3919 20 1
3920 39 1
3921 81 1
3922 43 1
3923 89 0
3924 68 1
3925 89 1
3926 96 1
3927 61 0
3928 47 0
3929 82 1
3930 65 0
3931 87 0
3932 85 0
3933 1 0
3934 32 0
3935 63 0
3936 65 0
3937 50 1
3938 83 0
3939 56 0
3940 91 0
3941 47 0
3942 100 1
3943 57 1
3944 69 0
3945 61 1
3946 46 1
3947 24 1
3948 37 1
3949 57 1
3950 10 1
3951 6 0
3952 80 0
3953 57 0
3954 11 1
3955 1 0
3956 15 1
3957 76 0
3958 42 1
3959 72 1
3960 92 1
3961 9 0
3962 62 0
3963 39 1
3964 18 0
3965 93 0
3966 1 1
3967 45 1
3968 70 0
3969 48 1
3970 77 0
3971 36 1
3972 79 0
3973 4 1
3974 21 0
3975 64 0
3976 75 0
3977 26 0
3978 58 0
3979 88 1
3980 23 0
3981 71 1
3982 54 1
3983 27 0
3984 31 1
3985 76 0
3986 56 0
3987 61 1
3988 71 0
3989 27 1
3990 1 1
3991 8 0
3992 51 0
3993 80 1
3994 40 0
3995 15 1
3996 28 0
3997 92 0
3998 44 1
3999 58 0
4000 69 0
4001 61 1
4002 53 0
4003 32 1
4004 55 1
4005 80 0
4006 71 1
4007 67 0
4008 2 1
4009 78 1
4010 11 0
4011 47 1
4012 22 1
4013 24 1
4014 43 0
4015 92 1
4016 6 0
4017 59 0
4018 66 1
4019 52 1
4020 76 0
4021 68 0
4022 18 1
4023 22 1
4024 51 0
4025 61 0
4026 32 1
4027 6 1
4028 36 1
4029 38 0
4030 16 1
4031 6 0
4032 6 0
4033 65 1
4034 54 0
4035 82 1
4036 53 0
4037 63 1
4038 18 0
4039 77 1
4040 71 0
4041 41 0
4042 97 1
4043 90 1
4044 46 1
4045 44 1
4046 57 1
4047 60 1
4048 43 1
4049 9 1
4050 42 0
4051 70 0
4052 55 0
4053 77 1
4054 15 1
4055 88 1
4056 40 0
4057 2 1
4058 89 1
4059 24 1
4060 8 0
4061 20 0
4062 89 1
4063 38 0
4064 71 1
4065 25 1
4066 44 0
4067 80 0
4068 88 1
4069 22 1
4070 46 0
4071 94 1
4072 20 1
4073 59 0
4074 56 1
4075 84 0
4076 55 1
4077 47 0
4078 61 0
4079 7 1
4080 89 1
4081 82 1
4082 6 1
4083 100 0
4084 46 1
4085 13 1
4086 74 0
4087 25 1
4088 15 0
4089 2 1
4090 75 0
4091 65 0
4092 67 1
4093 45 1
4094 87 1
4095 56 0
4096 74 1
4097 20 0
4098 68 0
4099 65 0
4100 93 1
4101 39 1
4102 92 0
4103 95 1
4104 39 0
4105 21 0
4106 81 1
4107 17 0
4108 62 1
4109 66 1
4110 70 1
4111 25 1
4112 13 1
4113 46 0
4114 96 1
4115 5 1
4116 39 0
4117 89 1
4118 19 1
4119 73 1
4120 54 0
4121 45 1
4122 7 1
4123 74 1
4124 78 0
4125 1 0
4126 46 1
4127 10 0
4128 74 0
4129 10 1
4130 20 1
4131 62 1
4132 78 1
4133 20 1
4134 71 0
4135 47 0
4136 64 1
4137 38 0
4138 79 1
4139 25 1
4140 26 1
4141 79 0
4142 12 1
4143 91 1
4144 65 1
4145 58 1
4146 64 1
4147 69 0
4148 78 0
4149 95 1
4150 92 0
4151 88 0
4152 87 1
4153 32 1
4154 51 1
4155 78 0
4156 62 1
4157 97 1
4158 59 0
4159 36 1
4160 11 0
4161 43 0
4162 46 0
4163 77 0
4164 81 1
4165 81 1
4166 87 0
4167 26 0
4168 17 1
4169 66 0
4170 7 0
4171 60 0
4172 91 0
4173 53 1
4174 4 1
4175 64 0
4176 79 1
4177 21 1
4178 80 1
4179 24 1
4180 81 0
4181 45 1
4182 55 1
4183 7 1
4184 94 0
4185 45 0
4186 57 1
4187 89 1
4188 24 1
4189 19 1
4190 61 1
4191 84 1
4192 14 1
4193 16 0
4194 74 0
4195 100 0
4196 13 1
4197 92 1
4198 24 1
4199 64 1
4200 36 1
4201 13 0
4202 7 1
4203 27 0
4204 86 1
4205 1 1
4206 8 1
4207 20 1
4208 38 0
4209 55 0
4210 98 1
4211 18 0
4212 58 1
4213 30 0
4214 83 1
4215 85 0
4216 37 1
4217 18 0
4218 56 1
4219 67 1
4220 79 1
4221 9 0
4222 45 0
4223 88 1
4224 21 1
4225 72 0
4226 50 1
4227 74 1
4228 7 0
4229 71 0
4230 83 1
4231 10 0
4232 8 0
4233 40 1
4234 69 0
4235 45 1
4236 53 0
4237 88 1
4238 38 1
4239 51 0
4240 43 1
4241 65 0
4242 89 0
4243 84 0
4244 64 1
4245 63 1
4246 36 1
4247 62 1
4248 98 1
4249 67 1
4250 1 1
4251 25 0
4252 100 1
4253 22 0
4254 13 0
4255 99 0
4256 94 1
4257 7 0
4258 36 1
4259 88 1
4260 78 0
4261 21 1
4262 83 0
4263 91 0
4264 38 0
4265 86 0
4266 68 1
4267 50 1
4268 22 1
4269 63 1
4270 25 0
4271 34 0
4272 44 0
4273 38 0
4274 6 1
4275 5 0
4276 39 1
4277 34 0
4278 91 1
4279 27 1
4280 4 0
4281 58 0
4282 86 1
4283 90 0
4284 37 0
4285 99 0
4286 23 0
4287 85 1
4288 41 1
4289 1 0
4290 43 1
4291 48 1
4292 89 1
4293 26 0
4294 92 0
4295 55 1
4296 48 1
4297 11 0
4298 96 1
4299 95 0
4300 37 1
4301 89 1
4302 18 1
4303 28 1
4304 43 1
4305 45 0
4306 19 0
4307 45 0
4308 76 1
4309 57 0
4310 74 0
4311 14 0
4312 35 0
4313 9 0
4314 65 0
4315 74 1
4316 60 0
4317 94 1
4318 14 1
4319 31 1
4320 20 0
4321 51 0
4322 67 1
4323 80 0
4324 59 1
4325 23 0
4326 94 1
4327 98 1
4328 76 0
4329 56 1
4330 26 1
4331 50 0
4332 56 1
4333 47 0
4334 12 0
4335 9 1
4336 55 1
4337 73 1
4338 82 0
4339 21 1
4340 46 1
4341 23 1
4342 63 0
4343 17 0
4344 55 0
4345 19 1
4346 69 1
4347 5 1
4348 88 1
4349 81 1
4350 6 0
4351 35 1
4352 41 0
4353 67 1
4354 52 0
4355 23 0
4356 17 0
4357 94 0
4358 58 1
4359 68 1
4360 9 1
4361 11 1
4362 16 1
4363 1 1
4364 61 1
4365 3 0
4366 55 1
4367 69 0
4368 49 1
4369 27 0
4370 98 1
4371 64 0
4372 5 0
4373 44 1
4374 50 1
4375 71 1
4376 77 1
4377 72 1
4378 15 0
4379 28 0
4380 58 1
4381 84 0
4382 40 0
4383 19 0
4384 95 1
4385 80 0
4386 95 0
4387 70 1
4388 13 0
4389 45 0
4390 3 1
4391 62 0
4392 51 1
4393 86 1
4394 8 1
4395 20 0
4396 75 1
4397 3 1
4398 11 1
4399 85 0
4400 7 1
4401 93 1
4402 88 1
4403 90 1
4404 93 1
4405 13 1
4406 77 0
4407 33 1
4408 64 0
4409 1 1
4410 33 0
4411 69 1
4412 20 0
4413 41 0
4414 39 1
4415 15 0
4416 58 1
4417 35 1
4418 75 1
4419 92 0
4420 10 0
4421 28 0
4422 61 1
4423 59 1
4424 59 1
4425 72 1
4426 26 0
4427 89 1
4428 78 0
4429 14 1
4430 60 1
4431 48 1
4432 31 1
4433 10 0
4434 54 1
4435 31 0
4436 3 0
4437 41 0
4438 38 0
4439 74 0
4440 28 0
4441 57 0
4442 77 1
4443 11 0
4444 12 0
4445 42 1
4446 7 0
4447 73 1
4448 23 0
4449 93 1
4450 84 1
4451 80 0
4452 24 0
4453 41 0
4454 20 0
4455 24 1
4456 4 1
4457 46 0
4458 76 0
4459 82 0
4460 31 0
4461 48 0
4462 35 1
4463 2 0
4464 4 0
4465 98 0
4466 86 0
4467 36 1
4468 37 1
4469 20 0
4470 44 0
4471 82 1
4472 66 0
4473 4 1
4474 42 1
4475 43 0
4476 53 0
4477 26 1
4478 100 1
4479 63 0
4480 96 0
4481 3 0
4482 71 0
4483 77 1
4484 87 1
4485 6 1
4486 13 1
4487 35 1
4488 38 1
4489 62 0
4490 52 1
4491 50 0
4492 44 1
4493 38 0
4494 15 1
4495 39 1
4496 27 1
4497 61 0
4498 51 0
4499 71 1
4500 57 1
4501 62 1
4502 87 1
4503 29 0
4504 56 1
4505 26 1
4506 13 1
4507 46 0
4508 12 0
4509 17 1
4510 91 1
4511 68 0
4512 71 0
4513 92 0
4514 63 0
4515 4 1
4516 80 0
4517 58 0
4518 59 0
4519 58 0
4520 1 0
4521 66 0
4522 61 1
4523 29 0
4524 11 1
4525 31 0
4526 64 0
4527 36 0
4528 82 0
4529 20 0
4530 37 1
4531 50 1
4532 67 1
4533 28 0
4534 44 0
4535 71 0
4536 64 1
4537 91 1
4538 57 0
4539 81 0
4540 75 0
4541 19 1
4542 34 0
4543 88 1
4544 92 0
4545 73 1
4546 3 0
4547 71 1
4548 70 1
4549 81 1
4550 58 1
4551 4 0
4552 14 0
4553 13 1
4554 59 0
4555 39 0
4556 11 0
4557 91 1
4558 62 1
4559 52 0
4560 39 1
4561 46 0
4562 49 0
4563 9 1
4564 89 1
4565 93 0
4566 41 0
4567 13 0
4568 33 1
4569 48 0
4570 53 1
4571 59 0
4572 44 1
4573 57 1
4574 4 0
4575 76 1
4576 81 1
4577 40 1
4578 58 0
4579 33 0
4580 69 0
4581 12 1
4582 30 1
4583 37 1
4584 16 0
4585 80 0
4586 55 0
4587 85 0
4588 5 0
4589 34 1
4590 74 0
4591 95 0
4592 13 1
4593 59 1
4594 6 0
4595 26 0
4596 65 1
4597 85 1
4598 88 1
4599 42 0
4600 96 1
4601 64 0
4602 72 1
4603 77 1
4604 38 0
4605 70 0
4606 54 1
4607 98 1
4608 48 1
4609 75 0
4610 69 1
4611 30 0
4612 77 1
4613 33 1
4614 76 0
4615 6 0
4616 59 1
4617 57 0
4618 40 0
4619 50 1
4620 68 0
4621 88 0
4622 15 1
4623 25 0
4624 73 1
4625 64 0
4626 12 1
4627 35 1
4628 18 0
4629 80 1
4630 13 0
4631 98 0
4632 64 1
4633 55 0
4634 59 1
4635 9 0
4636 94 1
4637 14 1
4638 57 1
4639 72 1
4640 20 0
4641 5 1
4642 66 1
4643 54 1
4644 43 1
4645 18 1
4646 47 0
4647 6 0
4648 15 0
4649 54 0
4650 22 1
4651 74 0
4652 96 1
4653 6 1
4654 13 1
4655 87 1
4656 33 1
4657 47 1
4658 19 1
4659 19 0
4660 88 1
4661 7 1
4662 90 1
4663 69 0
4664 65 0
4665 22 0
4666 16 0
4667 53 1
4668 30 1
4669 61 0
4670 38 0
4671 2 0
4672 37 0
4673 43 0
4674 60 0
4675 14 0
4676 98 1
4677 82 1
4678 79 1
4679 17 1
4680 40 0
4681 62 0
4682 25 1
4683 74 1
4684 33 1
4685 15 0
4686 85 1
4687 36 1
4688 63 1
4689 14 0
4690 100 1
4691 42 1
4692 32 0
4693 9 0
4694 13 0
4695 28 1
4696 15 1
4697 48 0
4698 58 0
4699 52 0
4700 16 0
4701 36 0
4702 32 1
4703 66 1
4704 92 1
4705 19 1
4706 47 0
4707 97 0
4708 90 1
4709 94 1
4710 88 1
4711 35 0
4712 39 0
4713 22 1
4714 89 0
4715 21 1
4716 39 0
4717 32 0
4718 25 1
4719 52 0
4720 46 0
4721 85 0
4722 6 0
4723 21 0
4724 89 1
4725 46 0
4726 93 0
4727 94 0
4728 42 0
4729 65 1
4730 85 0
4731 35 1
4732 71 0
4733 78 1
4734 32 0
4735 38 0
4736 27 1
4737 11 1
4738 8 1
4739 79 1
4740 52 0
4741 41 0
4742 11 0
4743 77 1
4744 31 1
4745 92 0
4746 7 1
4747 35 0
4748 27 1
4749 19 0
4750 83 1
4751 91 0
4752 15 1
4753 30 0
4754 9 0
4755 87 0
4756 51 1
4757 94 1
4758 54 0
4759 75 1
4760 27 0
4761 57 0
4762 13 0
4763 12 1
4764 31 1
4765 7 1
4766 40 1
4767 65 1
4768 68 1
4769 82 1
4770 33 1
4771 16 1
4772 98 1
4773 23 1
4774 31 1
4775 2 0
4776 57 1
4777 82 1
4778 54 0
4779 84 0
4780 56 1
4781 26 0
4782 22 0
4783 98 1
4784 88 0
4785 71 0
4786 61 1
4787 56 0
4788 22 1
4789 82 0
4790 8 0
4791 24 1
4792 65 1
4793 24 1
4794 75 0
4795 81 1
4796 49 1
4797 100 1
4798 14 1
4799 15 1
4800 23 1
4801 76 1
4802 72 1
4803 49 1
4804 26 0
4805 60 0
4806 52 0
4807 94 0
4808 35 0
4809 15 0
4810 19 0
4811 56 0
4812 70 0
4813 84 0
4814 91 0
4815 64 1
4816 99 1
4817 79 0
4818 35 0
4819 60 0
4820 27 1
4821 53 0
4822 16 0
4823 47 1
4824 68 1
4825 51 0
4826 54 1
4827 49 0
4828 60 0
4829 75 0
4830 25 1
4831 9 1
4832 18 0
4833 26 0
4834 84 1
4835 37 1
4836 51 1
4837 20 0
4838 22 0
4839 13 0
4840 39 1
4841 100 0
4842 76 0
4843 20 1
4844 66 0
4845 73 1
4846 16 0
4847 33 1
4848 63 1
4849 6 1
4850 81 0
4851 16 1
4852 72 0
4853 99 1
4854 85 1
4855 34 1
4856 68 1
4857 1 0
4858 14 0
4859 81 0
4860 16 1
4861 10 1
4862 29 1
4863 9 1
4864 95 0
4865 75 1
4866 82 0
4867 84 0
4868 74 1
4869 56 0
4870 46 0
4871 75 0
4872 88 0
4873 95 1
4874 19 0
4875 63 0
4876 51 0
4877 58 1
4878 83 1
4879 29 1
4880 17 1
4881 24 0
4882 6 1
4883 86 1
4884 15 0
4885 32 1
4886 75 0
4887 20 1
4888 10 0
4889 95 0
4890 39 1
4891 19 1
4892 21 0
4893 24 1
4894 99 0
4895 5 1
4896 13 1
4897 51 0
4898 29 1
4899 50 1
4900 5 0
4901 3 0
4902 7 0
4903 9 0
4904 22 0
4905 10 1
4906 19 0
4907 21 0
4908 88 0
4909 54 1
4910 88 0
4911 65 1
4912 44 1
4913 54 1
4914 27 1
4915 24 0
4916 96 1
4917 13 1
4918 31 1
4919 98 1
4920 57 1
4921 95 0
4922 30 1
4923 93 0
4924 60 1
4925 26 1
4926 90 1
4927 61 0
4928 80 1
4929 2 1
4930 69 0
4931 8 0
4932 14 0
4933 45 0
4934 73 0
4935 30 1
4936 94 0
4937 68 0
4938 36 1
4939 15 0
4940 88 1
4941 25 0
4942 9 0
4943 64 0
4944 75 1
4945 67 0
4946 49 1
4947 58 0
4948 69 0
4949 85 0
4950 12 1
4951 3 0
4952 89 1
4953 87 0
4954 34 0
4955 14 1
4956 36 1
4957 70 0
4958 42 0
4959 63 0
4960 89 0
4961 57 0
4962 30 1
4963 81 1
4964 80 1
4965 19 0
4966 96 1
4967 99 0
4968 43 0
4969 78 0
4970 79 0
4971 11 1
4972 44 0
4973 19 1
4974 12 0
4975 2 1
4976 97 0
4977 83 0
4978 93 0
4979 6 1
4980 44 0
4981 40 0
4982 62 0
4983 91 1
4984 35 1
4985 70 1
4986 19 0
4987 10 1
4988 1 1
4989 30 0
4990 75 1
4991 77 0
4992 15 0
4993 95 0
4994 24 0
4995 45 1
4996 36 1
4997 76 1
4998 77 1
4999 98 1
5000 57 0
5001 31 1
5002 34 1
5003 99 1
5004 2 1
5005 1 1
5006 12 1
5007 39 0
5008 75 0
5009 7 1
5010 62 0
5011 98 1
5012 76 1
5013 90 1
5014 5 0
5015 66 1
5016 9 0
5017 28 0
5018 33 1
5019 58 1
5020 91 1
5021 62 0
5022 30 0
5023 90 1
5024 18 0
5025 76 0
5026 48 0
5027 21 1
5028 97 0
5029 52 0
5030 35 0
5031 57 0
5032 72 1
5033 2 0
5034 47 0
5035 83 1
5036 21 0
5037 17 1
5038 37 1
5039 84 0
5040 95 0
5041 25 0
5042 77 1
5043 53 1
5044 5 1
5045 64 0
5046 85 0
5047 52 0
5048 73 0
5049 94 1
5050 9 1
5051 21 1
5052 59 0
5053 72 0
5054 29 0
5055 66 0
5056 70 0
5057 16 0
5058 45 0
5059 51 1
5060 26 1
5061 99 1
5062 38 0
5063 55 0
5064 13 1
5065 50 1
5066 42 0
5067 45 1
5068 13 0
5069 1 0
5070 35 0
5071 64 1
5072 87 1
5073 43 0
5074 40 0
5075 99 1
5076 56 1
5077 1 0
5078 31 1
5079 54 0
5080 7 0
5081 18 1
5082 98 0
5083 43 1
5084 8 1
5085 50 0
5086 78 0
5087 94 0
5088 67 1
5089 8 1
5090 79 0
5091 93 1
5092 74 0
5093 17 1
5094 70 1
5095 56 0
5096 15 0
5097 16 1
5098 57 1
5099 91 1
5100 7 0
5101 33 0
5102 39 1
5103 87 1
5104 6 1
5105 81 0
5106 73 0
5107 21 0
5108 100 0
5109 65 1
5110 18 1
5111 59 0
5112 73 0
5113 66 0
5114 64 1
5115 84 0
5116 22 1
5117 35 1
5118 65 0
5119 36 0
5120 82 1
5121 66 1
5122 95 1
5123 54 0
5124 70 0
5125 95 1
5126 100 1
5127 9 0
5128 66 0
5129 26 1
5130 86 1
5131 40 0
5132 9 0
5133 75 1
5134 28 1
5135 13 0
5136 17 0
5137 41 1
5138 11 1
5139 18 0
5140 29 0
5141 32 1
5142 38 0
5143 39 0
5144 53 0
5145 22 0
5146 23 0
5147 25 0
5148 5 1
5149 15 0
5150 96 1
5151 14 1
5152 42 0
5153 52 0
5154 19 0
5155 91 1
5156 32 0
5157 100 1
5158 46 1
5159 41 0
5160 38 1
5161 86 1
5162 68 0
5163 96 1
5164 85 0
5165 13 0
5166 66 0
5167 19 0
5168 70 1
5169 81 0
5170 43 1
5171 38 1
5172 15 1
5173 95 1
5174 68 1
5175 50 1
5176 74 1
5177 52 0
5178 76 1
5179 93 1
5180 42 0
5181 66 1
5182 61 1
5183 28 1
5184 55 0
5185 46 0
5186 65 1
5187 10 0
5188 91 0
5189 16 1
5190 43 1
5191 32 1
5192 20 1
5193 91 1
5194 63 0
5195 43 0
5196 11 1
5197 74 1
5198 33 0
5199 96 1
5200 99 1
5201 36 0
5202 3 0
5203 45 1
5204 83 0
5205 33 0
5206 3 1
5207 65 1
5208 16 0
5209 74 1
5210 6 1
5211 64 1
5212 4 0
5213 9 1
5214 31 0
5215 28 0
5216 14 1
5217 74 1
5218 96 0
5219 69 1
5220 27 0
5221 48 1
5222 8 0
5223 14 0
5224 14 1
5225 46 0
5226 76 1
5227 54 1
5228 13 0
5229 42 1
5230 62 0
5231 20 0
5232 23 0
5233 26 1
5234 81 0
5235 91 0
5236 3 0
5237 70 0
5238 51 1
5239 3 0
5240 11 1
5241 19 1
5242 77 1
5243 34 0
5244 75 0
5245 51 0
5246 62 0
5247 16 1
5248 26 1
5249 86 1
5250 89 1
5251 75 1
5252 72 0
5253 10 0
5254 79 1
5255 68 1
5256 79 0
5257 77 0
5258 34 0
5259 12 1
5260 37 1
5261 14 1
5262 64 1
5263 83 1
5264 39 0
5265 23 1
5266 12 1
5267 73 0
5268 69 0
5269 18 1
5270 4 0
5271 36 0
5272 36 1
5273 71 0
5274 5 1
5275 16 0
5276 91 0
5277 80 0
5278 27 1
5279 43 1
5280 19 1
5281 9 1
5282 39 1
5283 21 1
5284 43 1
5285 76 1
5286 2 0
5287 89 0
5288 48 0
5289 27 1
5290 77 0
5291 57 1
5292 42 0
5293 37 1
5294 71 1
5295 98 0
5296 1 0
5297 16 1
5298 84 1
5299 74 0
5300 53 1
5301 6 0
5302 74 1
5303 89 1
5304 22 0
5305 99 1
5306 59 0
5307 69 0
5308 73 1
5309 4 0
5310 81 1
5311 41 0
5312 65 1
5313 88 1
5314 26 1
5315 77 1
5316 3 0
5317 62 0
5318 84 1
5319 57 0
5320 78 1
5321 52 1
5322 29 1
5323 6 1
5324 8 0
5325 75 1
5326 32 0
5327 20 0
5328 39 1
5329 40 0
5330 34 1
5331 26 0
5332 77 0
5333 41 0
5334 22 1
5335 64 1
5336 81 0
5337 49 1
5338 54 0
5339 73 0
5340 88 1
5341 12 1
5342 96 1
5343 31 0
5344 92 1
5345 53 1
5346 10 1
5347 37 1
5348 68 0
5349 70 0
5350 74 1
5351 36 0
5352 74 0
5353 28 0
5354 98 1
5355 29 0
5356 27 1
5357 12 0
5358 41 1
5359 93 0
5360 8 1
5361 83 0
5362 81 0
5363 78 1
5364 15 0
5365 51 1
5366 55 0
5367 83 1
5368 78 0
5369 24 1
5370 54 1
5371 88 1
5372 56 0
5373 43 0
5374 96 1
5375 79 0
5376 9 0
5377 50 0
5378 71 0
5379 73 0
5380 2 1
5381 18 0
5382 74 0
5383 6 0
5384 23 1
5385 80 0
5386 41 1
5387 80 0
5388 44 0
5389 77 1
5390 48 1
5391 78 0
5392 37 0
5393 50 1
5394 29 0
5395 29 1
5396 26 1
5397 80 1
5398 33 1
5399 53 1
5400 23 1
5401 73 0
5402 44 0
5403 27 0
5404 13 1
5405 53 1
5406 18 0
5407 35 0
5408 7 1
5409 74 1
5410 70 1
5411 75 1
5412 90 1
5413 77 0
5414 66 0
5415 64 1
5416 98 1
5417 83 0
5418 1 1
5419 63 1
5420 54 0
5421 84 0
5422 16 0
5423 49 1
5424 80 1
5425 59 0
5426 66 1
5427 27 0
5428 46 0
5429 89 1
5430 1 0
5431 95 0
5432 14 1
5433 61 1
5434 22 0
5435 48 1
5436 12 1
5437 83 0
5438 85 0
5439 3 1
5440 62 0
5441 5 0
5442 86 0
5443 85 0
5444 27 1
5445 63 0
5446 57 1
5447 57 1
5448 17 1
5449 29 0
5450 2 0
5451 28 0
5452 1 0
5453 99 1
5454 26 0
5455 100 1
5456 4 1
5457 52 0
5458 61 0
5459 4 0
5460 36 1
5461 20 0
5462 18 1
5463 48 1
5464 30 0
5465 41 1
5466 38 0
5467 34 0
5468 87 1
5469 87 1
5470 37 1
5471 97 0
5472 99 0
5473 72 0
5474 15 1
5475 25 1
5476 61 1
5477 81 0
5478 28 1
5479 82 0
5480 22 1
5481 58 1
5482 17 1
5483 81 0
5484 78 1
5485 70 1
5486 9 0
5487 38 0
5488 57 0
5489 13 1
5490 69 0
5491 77 1
5492 67 0
5493 36 0
5494 60 1
5495 32 0
5496 36 0
5497 44 0
5498 91 0
5499 42 0
5500 93 1
5501 39 1
5502 94 1
5503 87 1
5504 61 0
5505 54 0
5506 2 1
5507 6 1
5508 93 0
5509 13 1
5510 81 0
5511 85 1
5512 64 1
5513 31 0
5514 5 0
5515 73 0
5516 64 0
5517 59 0
5518 77 1
5519 60 0
5520 7 0
5521 80 1
5522 58 1
5523 44 1
5524 95 0
5525 78 1
5526 87 1
5527 87 1
5528 75 1
5529 54 1
5530 66 0
5531 86 1
5532 31 1
5533 62 1
5534 64 0
5535 24 0
5536 72 0
5537 79 0
5538 41 0
5539 81 1
5540 69 0
5541 97 0
5542 34 1
5543 64 1
5544 83 0
5545 87 1
5546 6 1
5547 8 1
5548 19 0
5549 84 0
5550 62 1
5551 36 1
5552 7 0
5553 75 1
5554 16 0
5555 55 1
5556 28 0
5557 8 0
5558 75 1
5559 33 0
5560 79 1
5561 72 0
5562 25 0
5563 92 0
5564 54 1
5565 97 1
5566 68 0
5567 40 0
5568 8 0
5569 95 0
5570 78 0
5571 60 1
5572 23 1
5573 17 1
5574 58 0
5575 98 0
5576 100 0
5577 86 0
5578 12 1
5579 7 0
5580 19 1
5581 40 1
5582 12 0
5583 64 1
5584 20 1
5585 1 1
5586 48 1
5587 42 1
5588 23 0
5589 68 0
5590 53 1
5591 11 0
5592 60 1
5593 45 1
5594 54 1
5595 6 0
5596 99 0
5597 62 1
5598 13 0
5599 56 0
5600 29 0
5601 95 0
5602 8 1
5603 66 1
5604 2 1
5605 75 1
5606 66 0
5607 83 0
5608 86 1
5609 68 1
5610 32 1
5611 36 0
5612 28 1
5613 11 1
5614 24 1
5615 51 1
5616 34 1
5617 46 0
5618 73 0
5619 51 1
5620 18 0
5621 21 1
5622 28 0
5623 76 0
5624 14 1
5625 9 1
5626 84 0
5627 24 0
5628 17 1
5629 35 0
5630 88 0
5631 70 0
5632 76 1
5633 94 1
5634 12 1
5635 39 0
5636 71 0
5637 25 1
5638 64 0
5639 68 0
5640 29 1
5641 26 1
5642 52 1
5643 85 1
5644 55 1
5645 26 0
5646 45 0
5647 90 1
5648 45 0
5649 14 1
5650 27 0
5651 52 0
5652 71 1
5653 76 1
5654 28 1
5655 64 0
5656 22 1
5657 12 1
5658 100 1
5659 88 1
5660 77 0
5661 71 1
5662 95 0
5663 68 0
5664 8 0
5665 52 0
5666 49 0
5667 3 1
5668 44 0
5669 66 1
5670 2 0
5671 16 1
5672 33 0
5673 67 1
5674 86 1
5675 89 0
5676 95 0
5677 100 1
5678 71 0
5679 55 1
5680 74 1
5681 58 0
5682 98 0
5683 24 1
5684 58 0
5685 58 1
5686 62 0
5687 31 1
5688 79 0
5689 22 1
5690 32 1
5691 96 0
5692 33 0
5693 75 0
5694 28 1
5695 18 1
5696 34 1
5697 17 1
5698 31 1
5699 67 0
5700 23 0
5701 86 1
5702 14 0
5703 39 1
5704 55 0
5705 51 0
5706 22 0
5707 69 1
5708 92 0
5709 97 0
5710 18 0
5711 8 0
5712 20 1
5713 17 1
5714 91 0
5715 67 0
5716 65 1
5717 48 0
5718 57 0
5719 18 0
5720 65 1
5721 56 1
5722 98 0
5723 23 0
5724 19 1
5725 70 0
5726 90 0
5727 2 1
5728 12 1
5729 50 1
5730 54 0
5731 86 1
5732 19 0
5733 17 0
5734 52 1
5735 69 0
5736 30 0
5737 50 0
5738 34 0
5739 92 0
5740 7 1
5741 33 0
5742 51 0
5743 92 1
5744 67 0
5745 11 1
5746 56 0
5747 30 0
5748 66 0
5749 69 0
5750 57 1
5751 44 1
5752 76 0
5753 13 0
5754 97 0
5755 98 1
5756 22 1
5757 95 1
5758 37 1
5759 90 1
5760 52 1
5761 97 0
5762 62 0
5763 100 1
5764 33 1
5765 48 0
5766 18 1
5767 51 1
5768 14 0
5769 93 1
5770 48 1
5771 14 0
5772 82 0
5773 5 0
5774 81 0
5775 64 0
5776 47 0
5777 45 1
5778 100 1
5779 12 0
5780 20 0
5781 2 1
5782 86 1
5783 81 0
5784 93 1
5785 9 1
5786 78 0
5787 99 1
5788 79 0
5789 9 1
5790 42 1
5791 33 0
5792 45 1
5793 89 0
5794 20 1
5795 69 1
5796 11 0
5797 46 1
5798 30 0
5799 16 1
5800 11 1
5801 19 0
5802 71 1
5803 3 0
5804 15 1
5805 59 0
5806 40 1
5807 34 0
5808 13 0
5809 37 1
5810 8 0
5811 29 0
5812 99 0
5813 37 0
5814 88 1
5815 54 0
5816 43 1
5817 13 0
5818 39 1
5819 56 1
5820 40 0
5821 81 0
5822 92 1
5823 63 1
5824 67 1
5825 35 1
5826 71 1
5827 66 1
5828 87 1
5829 31 1
5830 23 0
5831 12 0
5832 10 0
5833 20 1
5834 59 0
5835 11 0
5836 82 1
5837 98 0
5838 9 0
5839 96 1
5840 64 1
5841 61 1
5842 49 1
5843 45 0
5844 92 0
5845 20 0
5846 92 0
5847 29 1
5848 42 1
5849 72 1
5850 66 0
5851 44 1
5852 43 1
5853 37 0
5854 95 1
5855 33 1
5856 43 1
5857 100 1
5858 11 0
5859 14 1
5860 9 0
5861 36 0
5862 82 1
5863 67 0
5864 81 1
5865 36 1
5866 57 0
5867 11 1
5868 9 1
5869 31 1
5870 18 1
5871 25 1
5872 52 1
5873 4 0
5874 48 0
5875 77 0
5876 42 0
5877 10 1
5878 73 0
5879 100 1
5880 51 1
5881 54 1
5882 91 0
5883 60 0
5884 39 0
5885 48 1
5886 39 1
5887 77 1
5888 15 0
5889 29 0
5890 85 0
5891 53 0
5892 7 0
5893 48 0
5894 73 1
5895 61 0
5896 14 0
5897 96 1
5898 20 0
5899 54 1
5900 42 1
5901 91 0
5902 49 0
5903 14 0
5904 41 0
5905 35 1
5906 4 0
5907 55 1
5908 69 1
5909 20 1
5910 55 1
5911 2 0
5912 16 0
5913 75 1
5914 60 0
5915 46 1
5916 33 1
5917 70 0
5918 97 1
5919 45 0
5920 77 1
5921 17 1
5922 19 1
5923 75 1
5924 31 1
5925 35 0
5926 50 1
5927 27 1
5928 45 0
5929 71 1
5930 56 1
5931 76 0
5932 8 1
5933 27 1
5934 97 0
5935 37 0
5936 52 1
5937 77 0
5938 6 0
5939 97 0
5940 81 0
5941 40 1
5942 19 1
5943 60 0
5944 35 0
5945 36 1
5946 43 1
5947 100 0
5948 7 0
5949 43 1
5950 23 0
5951 73 0
5952 37 0
5953 13 0
5954 63 0
5955 21 0
5956 80 1
5957 49 0
5958 48 1
5959 76 1
5960 96 0
5961 89 1
5962 89 1
5963 98 1
5964 51 0
5965 2 0
5966 79 0
5967 56 1
5968 16 1
5969 98 1
5970 56 0
5971 35 1
5972 34 1
5973 48 0
5974 87 0
5975 9 1
5976 20 1
5977 19 0
5978 54 1
5979 33 1
5980 67 0
5981 92 0
5982 91 1
5983 43 1
5984 85 0
5985 7 1
5986 77 1
5987 14 1
5988 66 0
5989 26 1
5990 16 0
5991 41 0
5992 5 0
5993 22 1
5994 27 0
5995 22 1
5996 31 1
5997 33 0
5998 89 0
5999 46 0
6000 85 0
6001 54 1
6002 44 0
6003 51 1
6004 37 1
6005 39 0
6006 73 0
6007 73 0
6008 33 1
6009 58 0
6010 60 1
6011 37 1
6012 64 0
6013 20 0
6014 57 0
6015 93 0
6016 99 0
6017 17 1
6018 71 1
6019 94 1
6020 57 0
6021 51 1
6022 24 1
6023 64 0
6024 27 0
6025 63 0
6026 63 1
6027 2 0
6028 61 0
6029 82 1
6030 77 0
6031 100 1
6032 91 0
6033 49 1
6034 37 1
6035 43 1
6036 45 0
6037 58 1
6038 1 0
6039 56 1
6040 56 0
6041 5 1
6042 10 1
6043 93 0
6044 67 0
6045 51 0
6046 59 0
6047 70 0
6048 70 0
6049 2 1
6050 43 0
6051 86 1
6052 34 1
6053 59 0
6054 90 0
6055 79 1
6056 99 1
6057 87 1
6058 36 0
6059 74 0
6060 68 1
6061 31 1
6062 7 1
6063 92 0
6064 87 0
6065 36 1
6066 24 0
6067 94 1
6068 99 0
6069 27 0
6070 81 0
6071 14 1
6072 16 0
6073 22 0
6074 70 1
6075 60 0
6076 62 1
6077 25 0
6078 19 1
6079 10 1
6080 6 0
6081 11 1
6082 4 1
6083 28 1
6084 28 0
6085 70 0
6086 49 1
6087 65 1
6088 43 1
6089 86 1
6090 70 0
6091 56 0
6092 28 1
6093 11 0
6094 57 0
6095 84 0
6096 4 1
6097 54 1
6098 39 1
6099 68 1
6100 21 0
6101 28 0
6102 39 0
6103 52 0
6104 61 0
6105 63 0
6106 91 0
6107 18 1
6108 19 1
6109 31 1
6110 76 1
6111 30 1
6112 68 0
6113 2 0
6114 14 1
6115 14 1
6116 55 1
6117 17 1
6118 86 1
6119 18 0
6120 29 0
6121 68 0
6122 42 0
6123 54 1
6124 70 1
6125 70 0
6126 93 1
6127 83 0
6128 62 1
6129 23 0
6130 40 0
6131 18 1
6132 85 1
6133 52 1
6134 54 1
6135 25 1
6136 19 0
6137 59 1
6138 69 1
6139 27 1
6140 57 0
6141 76 1
6142 86 0
6143 32 1
6144 62 1
6145 57 1
6146 21 1
6147 83 0
6148 11 1
6149 55 1
6150 67 0
6151 87 1
6152 80 0
6153 58 0
6154 75 0
6155 87 0
6156 5 1
6157 73 1
6158 30 0
6159 18 0
6160 25 0
6161 48 0
6162 94 0
6163 71 0
6164 14 1
6165 12 1
6166 50 0
6167 5 1
6168 39 0
6169 26 1
6170 56 0
6171 100 0
6172 44 0
6173 48 0
6174 22 0
6175 34 1
6176 82 0
6177 39 1
6178 86 0
6179 60 1
6180 49 1
6181 84 1
6182 14 1
6183 67 1
6184 100 1
6185 63 0
6186 9 0
6187 23 1
6188 25 1
6189 67 0
6190 96 0
6191 95 1
6192 46 1
6193 47 0
6194 21 0
6195 47 1
6196 16 0
6197 98 1
6198 4 1
6199 12 1
6200 48 1
6201 1 1
6202 85 0
6203 64 1
6204 1 1
6205 56 1
6206 39 1
6207 36 0
6208 72 1
6209 24 1
6210 20 1
6211 83 0
6212 96 1
6213 88 1
6214 58 1
6215 38 0
6216 78 1
6217 43 0
6218 36 1
6219 82 0
6220 10 0
6221 16 0
6222 39 0
6223 76 1
6224 92 1
6225 94 1
6226 94 0
6227 74 0
6228 80 1
6229 56 0
6230 42 0
6231 87 0
6232 94 0
6233 62 0
6234 71 1
6235 63 0
6236 63 1
6237 18 1
6238 9 0
6239 88 1
6240 86 1
6241 45 0
6242 19 0
6243 78 1
6244 36 1
6245 39 0
6246 20 1
6247 64 1
6248 49 1
6249 39 1
6250 97 0
6251 37 1
6252 20 0
6253 36 1
6254 92 0
6255 68 0
6256 11 0
6257 40 1
6258 32 0
6259 4 0
6260 13 1
6261 45 0
6262 10 0
6263 85 1
6264 6 1
6265 47 1
6266 14 1
6267 93 0
6268 82 1
6269 12 1
6270 88 1
6271 60 0
6272 70 1
6273 13 0
6274 96 0
6275 84 1
6276 33 1
6277 54 0
6278 66 0
6279 26 0
6280 37 1
6281 41 1
6282 50 1
6283 71 1
6284 32 0
6285 91 1
6286 66 0
6287 32 0
6288 39 0
6289 26 0
6290 3 1
6291 2 0
6292 71 0
6293 78 1
6294 32 0
6295 10 0
6296 62 0
6297 72 1
6298 62 0
6299 31 0
6300 62 1
6301 57 0
6302 17 1
6303 35 1
6304 47 1
6305 88 0
6306 9 0
6307 62 0
6308 4 0
6309 68 1
6310 82 1
6311 19 1
6312 46 0
6313 27 1
6314 69 0
6315 20 1
6316 9 1
6317 30 1
6318 61 1
6319 42 1
6320 61 1
6321 71 0
6322 63 0
6323 51 1
6324 94 0
6325 45 0
6326 18 0
6327 51 0
6328 28 0
6329 67 1
6330 16 0
6331 40 0
6332 20 1
6333 30 1
6334 15 0
6335 13 1
6336 61 1
6337 86 0
6338 8 0
6339 14 1
6340 12 1
6341 33 1
6342 35 0
6343 91 1
6344 97 1
6345 20 0
6346 46 0
6347 41 1
6348 59 1
6349 48 1
6350 21 0
6351 60 1
6352 40 1
6353 79 1
6354 17 1
6355 48 0
6356 74 1
6357 60 0
6358 94 0
6359 78 0
6360 15 0
6361 18 0
6362 59 1
6363 96 0
6364 95 0
6365 50 1
6366 22 0
6367 47 1
6368 37 1
6369 100 1
6370 21 0
6371 34 1
6372 73 0
6373 54 0
6374 46 0
6375 6 1
6376 29 0
6377 29 1
6378 87 1
6379 32 1
6380 11 0
6381 30 0
6382 47 1
6383 93 1
6384 64 0
6385 70 1
6386 48 0
6387 75 0
6388 16 1
6389 14 1
6390 39 1
6391 49 0
6392 88 0
6393 56 0
6394 23 0
6395 95 1
6396 3 1
6397 56 0
6398 94 1
6399 3 1
6400 81 0
6401 45 1
6402 90 0
6403 62 0
6404 52 0
6405 77 0
6406 13 0
6407 9 1
6408 94 1
6409 44 1
6410 18 1
6411 83 0
6412 75 0
6413 2 1
6414 18 0
6415 70 1
6416 97 0
6417 16 0
6418 96 0
6419 34 1
6420 43 0
6421 52 1
6422 9 0
6423 36 0
6424 90 1
6425 1 0
6426 56 1
6427 82 1
6428 80 0
6429 75 1
6430 4 1
6431 67 1
6432 23 1
6433 81 0
6434 45 1
6435 20 0
6436 63 0
6437 44 0
6438 58 0
6439 98 1
6440 32 1
6441 75 1
6442 46 0
6443 30 1
6444 13 1
6445 50 0
6446 98 0
6447 29 1
6448 24 0
6449 38 1
6450 45 0
6451 4 0
6452 64 0
6453 100 1
6454 85 1
6455 57 0
6456 53 1
6457 50 0
6458 27 0
6459 84 0
6460 15 0
6461 76 0
6462 6 0
6463 39 0
6464 71 0
6465 88 1
6466 33 0
6467 18 0
6468 40 0
6469 3 0
6470 12 0
6471 87 0
6472 63 1
6473 13 1
6474 63 0
6475 23 0
6476 37 1
6477 37 1
6478 100 1
6479 100 0
6480 80 1
6481 71 1
6482 36 0
6483 85 1
6484 33 0
6485 36 0
6486 89 1
6487 54 1
6488 89 0
6489 22 0
6490 83 0
6491 13 0
6492 75 0
6493 85 1
6494 42 1
6495 69 0
6496 47 0
6497 63 1
6498 14 1
6499 79 1
6500 62 0
6501 56 1
6502 28 1
6503 40 1
6504 28 1
6505 67 0
6506 42 1
6507 36 0
6508 5 0
6509 43 1
6510 90 0
6511 90 1
6512 13 1
6513 39 0
6514 20 0
6515 26 1
6516 24 1
6517 87 0
6518 67 0
6519 14 0
6520 94 1
6521 81 1
6522 24 0
6523 97 1
6524 80 1
6525 73 1
6526 32 0
6527 27 0
6528 97 0
6529 16 1
6530 100 1
6531 75 1
6532 62 1
6533 57 1
6534 8 0
6535 67 0
6536 78 1
6537 27 1
6538 42 0
6539 20 1
6540 63 1
6541 1 0
6542 14 0
6543 60 0
6544 59 0
6545 78 0
6546 33 1
6547 25 0
6548 96 1
6549 29 1
6550 79 0
6551 9 0
6552 49 1
6553 11 0
6554 34 0
6555 81 1
6556 30 0
6557 28 1
6558 14 1
6559 28 1
6560 44 0
6561 45 1
6562 20 1
6563 98 0
6564 22 1
6565 73 0
6566 70 1
6567 2 1
6568 54 1
6569 3 0
6570 3 0
6571 11 1
6572 38 1
6573 58 1
6574 3 1
6575 52 0
6576 35 1
6577 41 0
6578 63 0
6579 1 0
6580 85 1
6581 91 0
6582 67 0
6583 95 1
6584 49 1
6585 80 1
6586 78 1
6587 59 1
6588 82 0
6589 26 1
6590 46 1
6591 8 0
6592 96 0
6593 62 1
6594 53 1
6595 57 0
6596 40 0
6597 56 0
6598 49 0
6599 56 1
6600 74 0
6601 86 1
6602 17 1
6603 30 1
6604 74 0
6605 10 1
6606 38 1
6607 24 1
6608 40 1
6609 35 1
6610 15 1
6611 15 1
6612 52 1
6613 48 0
6614 57 1
6615 9 1
6616 42 1
6617 37 0
6618 39 1
6619 77 1
6620 35 1
6621 88 0
6622 99 1
6623 84 0
6624 82 0
6625 61 1
6626 95 1
6627 7 1
6628 32 0
6629 11 1
6630 62 1
6631 61 1
6632 12 1
6633 17 1
6634 24 1
6635 11 0
6636 32 0
6637 41 1
6638 82 0
6639 87 1
6640 58 0
6641 44 1
6642 39 0
6643 84 1
6644 68 1
6645 60 1
6646 60 0
6647 74 1
6648 88 1
6649 81 0
6650 49 0
6651 95 0
6652 9 0
6653 21 0
6654 29 1
6655 90 0
6656 9 1
6657 24 0
6658 23 1
6659 88 1
6660 60 1
6661 52 1
6662 11 1
6663 62 1
6664 87 1
6665 54 0
6666 17 1
6667 44 0
6668 22 0
6669 16 0
6670 83 0
6671 34 0
6672 89 0
6673 9 0
6674 9 0
6675 9 0
6676 89 0
6677 39 1
6678 36 0
6679 62 1
6680 36 1
6681 64 0
6682 93 1
6683 91 1
6684 40 1
6685 81 1
6686 9 0
6687 12 1
6688 1 0
6689 10 1
6690 31 0
6691 92 0
6692 10 1
6693 17 1
6694 82 1
6695 58 1
6696 39 0
6697 7 0
6698 35 1
6699 28 1
6700 74 1
6701 45 1
6702 5 1
6703 39 0
6704 86 0
6705 81 1
6706 45 0
6707 37 1
6708 23 1
6709 46 0
6710 94 0
6711 93 0
6712 81 0
6713 51 0
6714 33 1
6715 95 0
6716 49 1
6717 40 0
6718 94 1
6719 50 1
6720 2 1
6721 36 0
6722 1 1
6723 60 1
6724 77 1
6725 26 1
6726 42 0
6727 61 0
6728 89 0
6729 67 1
6730 70 0
6731 20 1
6732 31 1
6733 98 1
6734 28 1
6735 96 1
6736 48 1
6737 31 0
6738 81 0
6739 32 0
6740 94 0
6741 56 0
6742 60 1
6743 40 0
6744 3 1
6745 93 0
6746 23 1
6747 50 1
6748 3 0
6749 23 0
6750 56 0
6751 86 0
6752 36 1
6753 60 0
6754 61 1
6755 15 1
6756 77 1
6757 77 0
6758 76 0
6759 67 1
6760 8 0
6761 75 1
6762 63 1
6763 87 0
6764 54 0
6765 87 0
6766 85 1
6767 80 0
6768 91 1
6769 82 0
6770 7 1
6771 47 0
6772 7 1
6773 97 1
6774 12 1
6775 26 1
6776 99 0
6777 90 1
6778 26 1
6779 85 1
6780 54 0
6781 33 0
6782 51 1
6783 58 1
6784 80 1
6785 96 1
6786 53 0
6787 97 0
6788 42 0
6789 60 0
6790 86 1
6791 57 0
6792 84 0
6793 21 0
6794 73 0
6795 17 0
6796 86 1
6797 42 0
6798 87 0
6799 20 1
6800 83 0
6801 3 0
6802 90 1
6803 45 1
6804 53 1
6805 45 1
6806 10 1
6807 87 1
6808 47 1
6809 90 0
6810 27 1
6811 10 1
6812 6 0
6813 62 0
6814 52 0
6815 49 1
6816 25 1
6817 7 1
6818 75 0
6819 30 0
6820 21 1
6821 74 1
6822 22 0
6823 30 1
6824 53 1
6825 83 1
6826 72 1
6827 78 0
6828 55 0
6829 13 0
6830 66 0
6831 54 0
6832 9 1
6833 16 0
6834 87 0
6835 42 1
6836 73 1
6837 29 1
6838 28 1
6839 48 0
6840 77 1
6841 62 1
6842 88 1
6843 87 1
6844 12 1
6845 83 0
6846 13 0
6847 59 0
6848 47 1
6849 5 0
6850 38 0
6851 23 0
6852 45 0
6853 71 1
6854 55 1
6855 62 1
6856 40 0
6857 84 0
6858 52 1
6859 58 0
6860 73 0
6861 63 0
6862 70 1
6863 44 0
6864 68 1
6865 56 0
6866 100 1
6867 2 0
6868 21 1
6869 92 0
6870 28 1
6871 43 0
6872 37 1
6873 20 1
6874 31 0
6875 95 1
6876 6 0
6877 50 0
6878 9 0
6879 41 0
6880 39 1
6881 19 0
6882 38 0
6883 31 1
6884 62 1
6885 87 0
6886 34 1
6887 85 1
6888 80 1
6889 1 0
6890 22 1
6891 26 0
6892 32 0
6893 40 1
6894 96 0
6895 33 0
6896 44 0
6897 47 1
6898 15 1
6899 78 0
6900 7 1
6901 26 0
6902 53 0
6903 98 0
6904 21 1
6905 66 0
6906 83 1
6907 95 1
6908 11 1
6909 37 1
6910 93 0
6911 93 0
6912 8 0
6913 96 1
6914 19 1
6915 30 1
6916 4 0
6917 75 0
6918 61 1
6919 48 1
6920 29 0
6921 57 0
6922 4 1
6923 1 1
6924 13 0
6925 77 0
6926 23 0
6927 46 0
6928 37 0
6929 57 0
6930 3 0
6931 64 1
6932 18 0
6933 43 1
6934 95 1
6935 17 0
6936 11 0
6937 84 0
6938 65 0
6939 97 0
6940 24 0
6941 67 0
6942 38 1
6943 1 0
6944 14 1
6945 96 0
6946 78 1
6947 8 0
6948 20 0
6949 70 0
6950 54 1
6951 77 0
6952 91 0
6953 27 0
6954 8 1
6955 55 0
6956 7 0
6957 53 1
6958 83 1
6959 25 1
6960 32 0
6961 43 1
6962 52 0
6963 78 0
6964 62 1
6965 36 0
6966 99 0
6967 54 1
6968 34 0
6969 4 0
6970 39 0
6971 31 1
6972 35 1
6973 81 1
6974 33 1
6975 1 1
6976 65 0
6977 67 1
6978 26 0
6979 74 1
6980 41 0
6981 56 0
6982 16 1
6983 22 0
6984 87 0
6985 70 0
6986 58 0
6987 73 1
6988 26 1
6989 68 0
6990 25 1
6991 64 1
6992 28 1
6993 40 0
6994 31 0
6995 20 1
6996 64 0
6997 16 0
6998 55 1
6999 15 0
7000 38 1
7001 80 1
7002 91 1
7003 8 1
7004 78 1
7005 65 0
7006 85 0
7007 7 0
7008 85 0
7009 70 1
7010 91 0
7011 19 1
7012 15 0
7013 70 1
7014 64 1
7015 47 1
7016 55 0
7017 27 1
7018 28 0
7019 89 0
7020 99 0
7021 66 0
7022 43 1
7023 38 0
7024 77 1
7025 36 0
7026 95 1
7027 36 1
7028 95 1
7029 43 1
7030 77 1
7031 55 1
7032 19 0
7033 75 1
7034 52 1
7035 88 0
7036 39 1
7037 29 0
7038 83 0
7039 89 1
7040 87 0
7041 52 0
7042 54 1
7043 83 0
7044 74 1
7045 63 1
7046 32 0
7047 62 0
7048 86 0
7049 24 1
7050 8 1
7051 93 0
7052 100 1
7053 16 0
7054 19 0
7055 76 0
7056 79 0
7057 68 0
7058 12 1
7059 60 0
7060 79 1
7061 93 1
7062 88 1
7063 78 0
7064 90 0
7065 41 0
7066 71 1
7067 84 0
7068 90 1
7069 61 0
7070 97 1
7071 98 0
7072 94 0
7073 41 0
7074 73 1
7075 23 0
7076 35 0
7077 3 0
7078 6 1
7079 33 0
7080 13 0
7081 67 0
7082 41 1
7083 89 0
7084 27 0
7085 96 0
7086 84 0
7087 48 1
7088 83 1
7089 58 0
7090 70 0
7091 75 0
7092 88 1
7093 95 1
7094 1 1
7095 8 1
7096 14 0
7097 11 0
7098 82 0
7099 23 0
7100 45 0
7101 31 0
7102 17 1
7103 34 0
7104 46 0
7105 49 0
7106 62 1
7107 45 0
7108 93 1
7109 78 0
7110 21 1
7111 39 1
7112 93 1
7113 51 0
7114 51 0
7115 59 0
7116 56 0
7117 40 0
7118 87 1
7119 52 1
7120 92 1
7121 76 0
7122 6 1
7123 45 0
7124 82 1
7125 92 0
7126 7 0
7127 82 1
7128 3 1
7129 67 1
7130 67 1
7131 17 0
7132 78 0
7133 33 1
7134 50 1
7135 50 0
7136 40 0
7137 41 1
7138 17 1
7139 75 1
7140 32 0
7141 20 1
7142 62 0
7143 12 1
7144 99 0
7145 81 1
7146 11 0
7147 41 1
7148 13 0
7149 60 1
7150 22 0
7151 95 1
7152 22 0
7153 78 1
7154 7 1
7155 87 1
7156 66 0
7157 44 0
7158 82 0
7159 23 1
7160 54 0
7161 11 1
7162 26 1
7163 94 1
7164 72 1
7165 38 1
7166 16 1
7167 44 0
7168 47 1
7169 59 0
7170 16 0
7171 52 1
7172 17 0
7173 50 1
7174 95 0
7175 97 1
7176 50 0
7177 51 1
7178 48 0
7179 90 1
7180 12 0
7181 54 1
7182 39 0
7183 38 1
7184 6 0
7185 30 0
7186 77 0
7187 32 0
7188 63 0
7189 27 1
7190 54 1
7191 35 1
7192 13 0
7193 59 0
7194 41 1
7195 99 0
7196 32 1
7197 2 0
7198 24 0
7199 2 0
7200 95 0
7201 70 1
7202 53 0
7203 69 0
7204 94 1
7205 35 1
7206 74 0
7207 25 0
7208 51 1
7209 68 1
7210 66 1
7211 74 0
7212 44 0
7213 72 0
7214 34 1
7215 87 1
7216 94 0
7217 58 1
7218 68 0
7219 96 1
7220 14 1
7221 70 0
7222 31 0
7223 6 0
7224 78 1
7225 9 1
7226 78 0
7227 59 1
7228 40 0
7229 97 0
7230 93 0
7231 92 1
7232 92 1
7233 15 0
7234 75 1
7235 96 1
7236 65 1
7237 63 1
7238 66 0
7239 8 0
7240 56 1
7241 56 1
7242 93 1
7243 13 1
7244 89 1
7245 77 0
7246 21 1
7247 4 0
7248 88 1
7249 97 0
7250 53 0
7251 43 0
7252 41 0
7253 16 0
7254 42 0
7255 9 1
7256 60 0
7257 47 1
7258 87 0
7259 86 0
7260 70 0
7261 48 1
7262 31 1
7263 64 1
7264 62 1
7265 59 1
7266 10 1
7267 27 1
7268 9 0
7269 67 0
7270 56 1
7271 78 1
7272 39 1
7273 59 0
7274 1 0
7275 44 1
7276 40 1
7277 49 1
7278 98 1
7279 64 1
7280 39 1
7281 67 0
7282 83 1
7283 25 1
7284 18 0
7285 25 1
7286 62 1
7287 99 0
7288 56 1
7289 4 0
7290 35 0
7291 8 0
7292 37 0
7293 26 1
7294 58 1
7295 52 1
7296 50 1
7297 83 1
7298 2 0
7299 1 0
7300 59 0
7301 66 1
7302 46 0
7303 48 0
7304 51 1
7305 34 1
7306 83 1
7307 18 0
7308 75 0
7309 89 1
7310 44 1
7311 28 0
7312 12 0
7313 40 0
7314 62 1
7315 39 1
7316 36 1
7317 73 1
7318 51 1
7319 48 1
7320 45 0
7321 32 1
7322 3 0
7323 70 1
7324 46 0
7325 55 1
7326 15 0
7327 75 0
7328 47 1
7329 78 1
7330 48 0
7331 43 0
7332 29 1
7333 96 0
7334 54 1
7335 81 0
7336 32 0
7337 56 0
7338 78 0
7339 75 0
7340 88 0
7341 76 1
7342 59 0
7343 2 0
7344 25 1
7345 37 0
7346 78 0
7347 100 1
7348 67 1
7349 89 1
7350 86 1
7351 77 1
7352 91 0
7353 96 0
7354 25 0
7355 67 1
7356 15 0
7357 7 1
7358 56 0
7359 1 1
7360 61 1
7361 61 1
7362 59 0
7363 92 0
7364 85 0
7365 9 1
7366 47 0
7367 57 1
7368 71 1
7369 49 1
7370 46 0
7371 32 1
7372 23 1
7373 74 1
7374 87 1
7375 16 1
7376 80 1
7377 29 0
7378 100 1
7379 77 1
7380 68 1
7381 16 0
7382 26 0
7383 92 0
7384 6 0
7385 47 1
7386 16 1
7387 43 0
7388 14 1
7389 39 1
7390 55 0
7391 79 1
7392 85 1
7393 58 0
7394 31 0
7395 71 1
7396 42 1
7397 73 0
7398 78 1
7399 40 1
7400 3 0
7401 89 1
7402 60 0
7403 92 1
7404 74 1
7405 99 0
7406 29 0
7407 9 1
7408 24 0
7409 68 1
7410 82 1
7411 80 0
7412 46 0
7413 14 0
7414 15 1
7415 47 0
7416 86 0
7417 17 1
7418 8 0
7419 26 0
7420 30 0
7421 90 0
7422 68 0
7423 43 1
7424 94 0
7425 83 0
7426 9 1
7427 91 1
7428 97 1
7429 41 0
7430 81 1
7431 11 1
7432 52 1
7433 69 0
7434 79 0
7435 42 0
7436 87 1
7437 48 1
7438 64 1
7439 42 0
7440 62 0
7441 27 1
7442 63 0
7443 79 1
7444 25 0
7445 27 1
7446 45 1
7447 82 1
7448 12 1
7449 90 1
7450 53 1
7451 61 1
7452 96 1
7453 16 1
7454 33 0
7455 47 0
7456 80 1
7457 31 1
7458 88 0
7459 73 0
7460 1 1
7461 80 0
7462 74 1
7463 64 0
7464 54 1
7465 28 0
7466 75 0
7467 53 1
7468 53 0
7469 3 0
7470 88 1
7471 25 0
7472 40 0
7473 92 1
7474 60 0
7475 21 0
7476 77 1
7477 48 0
7478 60 1
7479 51 1
7480 79 1
7481 66 1
7482 16 1
7483 43 0
7484 66 1
7485 90 0
7486 4 1
7487 91 0
7488 51 0
7489 14 1
7490 79 1
7491 59 1
7492 49 1
7493 78 0
7494 92 0
7495 49 0
7496 66 0
7497 26 1
7498 8 1
7499 10 0
7500 20 0
7501 95 1
7502 17 1
7503 16 1
7504 28 1
7505 69 0
7506 10 0
7507 6 1
7508 26 1
7509 56 0
7510 53 0
7511 92 0
7512 35 0
7513 62 1
7514 12 0
7515 84 1
7516 10 0
7517 2 0
7518 56 0
7519 57 1
7520 68 0
7521 97 0
7522 13 0
7523 4 1
7524 60 1
7525 68 1
7526 87 0
7527 62 1
7528 23 1
7529 3 1
7530 51 0
7531 83 1
7532 12 1
7533 37 1
7534 48 1
7535 58 0
7536 9 1
7537 10 1
7538 70 1
7539 15 0
7540 13 0
7541 75 1
7542 35 0
7543 28 1
7544 8 1
7545 77 0
7546 9 0
7547 44 1
7548 79 0
7549 58 1
7550 77 1
7551 15 0
7552 37 0
7553 23 0
7554 99 1
7555 52 0
7556 95 1
7557 36 0
7558 28 1
7559 81 1
7560 81 1
7561 52 0
7562 62 1
7563 91 1
7564 42 0
7565 94 1
7566 60 1
7567 44 1
7568 84 0
7569 53 1
7570 7 1
7571 14 0
7572 93 0
7573 17 0
7574 30 0
7575 31 0
7576 11 1
7577 95 1
7578 87 1
7579 68 1
7580 9 1
7581 13 1
7582 40 1
7583 48 0
7584 20 0
7585 88 0
7586 67 1
7587 23 0
7588 72 0
7589 84 1
7590 98 0
7591 72 0
7592 12 1
7593 48 1
7594 83 0
7595 38 1
7596 37 0
7597 83 1
7598 53 0
7599 16 0
7600 67 1
7601 20 1
7602 10 0
7603 86 0
7604 7 1
7605 43 1
7606 83 0
7607 21 0
7608 75 1
7609 49 0
7610 15 1
7611 50 1
7612 21 1
7613 76 1
7614 32 1
7615 24 1
7616 57 0
7617 40 0
7618 96 1
7619 94 0
7620 54 1
7621 32 0
7622 33 1
7623 14 0
7624 37 0
7625 47 0
7626 6 0
7627 77 1
7628 41 1
7629 99 1
7630 72 1
7631 100 0
7632 96 1
7633 46 0
7634 81 1
7635 28 0
7636 45 0
7637 95 0
7638 21 0
7639 39 1
7640 44 0
7641 90 1
7642 8 0
7643 5 1
7644 50 0
7645 33 0
7646 61 1
7647 28 1
7648 74 0
7649 72 1
7650 14 1
7651 88 1
7652 57 1
7653 14 1
7654 49 1
7655 3 1
7656 58 1
7657 93 0
7658 69 1
7659 10 1
7660 15 1
7661 58 0
7662 15 0
7663 7 0
7664 86 0
7665 87 0
7666 74 1
7667 57 1
7668 81 0
7669 36 0
7670 52 1
7671 72 1
7672 51 1
7673 82 1
7674 98 1
7675 90 0
7676 48 1
7677 26 0
7678 47 1
7679 26 1
7680 13 1
7681 99 1
7682 34 0
7683 45 1
7684 13 0
7685 48 1
7686 51 1
7687 56 0
7688 1 1
7689 79 0
7690 98 1
7691 59 0
7692 38 1
7693 57 0
7694 64 1
7695 94 0
7696 6 0
7697 47 1
7698 60 0
7699 6 0
7700 70 1
7701 7 0
7702 36 0
7703 24 0
7704 38 1
7705 77 1
7706 1 0
7707 18 1
7708 83 0
7709 11 1
7710 99 1
7711 4 1
7712 33 0
7713 81 0
7714 82 1
7715 21 0
7716 71 0
7717 5 1
7718 22 1
7719 32 0
7720 34 0
7721 76 0
7722 68 0
7723 91 1
7724 34 1
7725 79 1
7726 14 1
7727 71 1
7728 70 0
7729 47 0
7730 92 0
7731 22 1
7732 52 0
7733 70 0
7734 17 1
7735 19 0
7736 71 0
7737 7 1
7738 86 1
7739 18 0
7740 44 1
7741 26 1
7742 36 0
7743 30 0
7744 42 1
7745 98 1
7746 40 0
7747 93 1
7748 94 0
7749 1 1
7750 30 1
7751 47 1
7752 79 0
7753 44 0
7754 3 0
7755 95 0
7756 51 0
7757 52 1
7758 14 1
7759 32 1
7760 80 1
7761 90 0
7762 40 1
7763 5 0
7764 20 1
7765 67 0
7766 56 0
7767 62 1
7768 30 1
7769 25 0
7770 32 1
7771 1 1
7772 98 1
7773 29 0
7774 98 1
7775 86 1
7776 33 1
7777 47 1
7778 67 1
7779 84 0
7780 66 0
7781 41 0
7782 59 1
7783 97 0
7784 74 0
7785 59 0
7786 44 1
7787 6 0
7788 13 1
7789 60 0
7790 95 1
7791 52 0
7792 87 1
7793 64 1
7794 58 1
7795 72 1
7796 45 0
7797 61 1
7798 28 0
7799 40 0
7800 9 0
7801 26 0
7802 39 1
7803 96 0
7804 65 1
7805 91 0
7806 41 0
7807 42 0
7808 80 1
7809 39 1
7810 44 0
7811 66 0
7812 83 1
7813 39 1
7814 46 0
7815 63 1
7816 74 0
7817 78 1
7818 82 0
7819 44 1
7820 1 0
7821 100 0
7822 37 1
7823 24 0
7824 92 0
7825 6 1
7826 49 0
7827 18 1
7828 51 0
7829 93 0
7830 25 0
7831 25 1
7832 90 1
7833 99 1
7834 91 1
7835 77 0
7836 81 1
7837 36 0
7838 5 0
7839 81 1
7840 45 1
7841 70 1
7842 30 0
7843 31 0
7844 94 1
7845 69 0
7846 74 1
7847 8 0
7848 84 1
7849 76 0
7850 57 0
7851 77 1
7852 74 1
7853 19 0
7854 36 0
7855 22 1
7856 77 1
7857 70 1
7858 1 0
7859 95 1
7860 10 0
7861 24 1
7862 60 0
7863 74 1
7864 100 1
7865 38 0
7866 89 0
7867 10 0
7868 31 0
7869 36 0
7870 43 1
7871 71 1
7872 68 1
7873 20 1
7874 73 0
7875 20 0
7876 66 1
7877 15 1
7878 79 1
7879 44 0
7880 90 0
7881 45 0
7882 29 1
7883 61 1
7884 76 1
7885 49 1
7886 40 1
7887 40 1
7888 76 1
7889 62 0
7890 83 0
7891 35 1
7892 46 0
7893 99 0
7894 56 1
7895 89 1
7896 87 1
7897 97 0
7898 12 0
7899 70 1
7900 18 1
7901 16 0
7902 30 1
7903 29 1
7904 7 1
7905 50 1
7906 33 0
7907 56 0
7908 79 0
7909 75 0
7910 77 0
7911 3 0
7912 66 1
7913 93 1
7914 70 1
7915 97 0
7916 36 1
7917 38 1
7918 82 0
7919 89 1
7920 40 0
7921 2 0
7922 50 1
7923 19 0
7924 68 0
7925 77 0
7926 93 1
7927 28 1
7928 47 1
7929 7 1
7930 28 1
7931 54 1
7932 94 1
7933 47 1
7934 55 0
7935 57 1
7936 72 0
7937 6 0
7938 90 1
7939 79 1
7940 66 1
7941 7 0
7942 73 0
7943 66 0
7944 31 0
7945 13 1
7946 73 1
7947 40 0
7948 96 1
7949 82 0
7950 73 1
7951 26 1
7952 38 0
7953 92 1
7954 38 1
7955 13 0
7956 31 1
7957 3 0
7958 27 0
7959 63 1
7960 93 0
7961 20 1
7962 54 0
7963 72 0
7964 95 1
7965 85 0
7966 88 0
7967 5 1
7968 54 1
7969 18 1
7970 5 0
7971 81 0
7972 5 1
7973 42 0
7974 50 0
7975 59 0
7976 57 0
7977 44 1
7978 13 1
7979 90 1
7980 86 1
7981 66 1
7982 45 1
7983 61 1
7984 16 0
7985 54 0
7986 99 0
7987 99 1
7988 8 0
7989 35 0
7990 70 1
7991 80 1
7992 88 0
7993 69 0
7994 88 0
7995 86 1
7996 42 0
7997 70 1
7998 19 1
7999 77 0
8000 97 0
8001 66 0
8002 57 1
8003 35 1
8004 66 1
8005 100 0
8006 76 0
8007 100 1
8008 33 1
8009 46 1
8010 78 0
8011 4 1
8012 82 0
8013 17 0
8014 46 1
8015 88 0
8016 12 1
8017 27 1
8018 74 1
8019 77 1
8020 89 1
8021 19 0
8022 83 1
8023 53 0
8024 12 1
8025 68 0
8026 12 0
8027 7 0
8028 70 0
8029 27 1
8030 55 0
8031 19 0
8032 26 0
8033 76 0
8034 74 0
8035 32 0
8036 60 1
8037 49 1
8038 35 1
8039 85 0
8040 62 1
8041 27 0
8042 45 1
8043 80 0
8044 78 1
8045 20 0
8046 5 1
8047 14 1
8048 41 1
8049 95 1
8050 46 1
8051 61 0
8052 80 0
8053 82 1
8054 41 0
8055 1 1
8056 94 0
8057 19 1
8058 61 0
8059 63 0
8060 63 0
8061 91 0
8062 16 1
8063 69 0
8064 47 1
8065 30 1
8066 37 0
8067 12 0
8068 56 0
8069 10 0
8070 64 0
8071 92 1
8072 32 0
8073 12 1
8074 5 0
8075 76 0
8076 20 0
8077 37 0
8078 37 1
8079 100 0
8080 72 0
8081 66 1
8082 87 0
8083 85 0
8084 40 0
8085 33 0
8086 36 0
8087 32 1
8088 12 0
8089 74 0
8090 84 0
8091 99 0
8092 25 0
8093 22 0
8094 43 1
8095 42 1
8096 22 1
8097 23 1
8098 36 1
8099 68 0
8100 32 1
8101 50 1
8102 14 1
8103 19 0
8104 83 0
8105 76 0
8106 98 1
8107 60 0
8108 67 1
8109 82 0
8110 6 0
8111 20 0
8112 19 1
8113 25 1
8114 17 1
8115 64 0
8116 41 0
8117 66 1
8118 81 1
8119 34 0
8120 100 1
8121 95 1
8122 11 0
8123 10 0
8124 9 1
8125 25 0
8126 59 0
8127 42 0
8128 27 0
8129 100 0
8130 89 1
8131 2 0
8132 22 0
8133 21 0
8134 85 0
8135 13 0
8136 68 1
8137 43 1
8138 48 1
8139 18 0
8140 63 1
8141 22 0
8142 93 1
8143 36 1
8144 52 1
8145 11 1
8146 73 0
8147 62 0
8148 40 0
8149 91 0
8150 67 1
8151 12 0
8152 33 1
8153 68 0
8154 28 1
8155 40 0
8156 50 1
8157 54 1
8158 100 0
8159 18 0
8160 84 0
8161 23 0
8162 87 0
8163 76 0
8164 73 1
8165 92 1
8166 61 1
8167 71 0
8168 57 0
8169 22 0
8170 32 1
8171 52 0
8172 36 0
8173 69 1
8174 60 0
8175 55 1
8176 86 0
8177 76 0
8178 42 1
8179 64 1
8180 44 1
8181 3 0
8182 69 0
8183 53 0
8184 44 0
8185 60 0
8186 66 0
8187 17 1
8188 68 0
8189 19 0
8190 22 1
8191 4 0
8192 71 1
8193 6 1
8194 11 0
8195 29 1
8196 18 1
8197 82 1
8198 47 1
8199 39 0
8200 41 0
8201 71 0
8202 4 1
8203 17 1
8204 99 1
8205 24 1
8206 57 1
8207 6 0
8208 90 0
8209 93 1
8210 28 1
8211 33 1
8212 9 1
8213 79 0
8214 50 1
8215 97 0
8216 44 0
8217 19 0
8218 10 1
8219 54 1
8220 31 1
8221 7 0
8222 34 1
8223 18 1
8224 79 0
8225 12 0
8226 88 1
8227 18 0
8228 72 0
8229 91 1
8230 26 1
8231 15 0
8232 57 1
8233 100 0
8234 74 1
8235 49 0
8236 43 1
8237 98 1
8238 47 1
8239 27 0
8240 46 0
8241 80 0
8242 83 1
8243 85 0
8244 75 0
8245 45 0
8246 19 0
8247 33 1
8248 97 1
8249 14 0
8250 22 1
8251 10 0
8252 60 1
8253 59 0
8254 22 0
8255 64 1
8256 84 1
8257 17 1
8258 98 0
8259 17 1
8260 30 0
8261 7 1
8262 66 0
8263 10 1
8264 90 1
8265 64 0
8266 34 0
8267 100 1
8268 48 1
8269 91 0
8270 11 0
8271 48 1
8272 24 1
8273 11 1
8274 12 1
8275 20 0
8276 98 1
8277 11 0
8278 34 1
8279 63 1
8280 47 0
8281 60 0
8282 88 0
8283 65 0
8284 89 1
8285 29 1
8286 60 1
8287 88 0
8288 79 1
8289 86 0
8290 1 1
8291 16 0
8292 79 1
8293 30 0
8294 51 0
8295 24 0
8296 49 1
8297 8 1
8298 90 0
8299 7 0
8300 7 0
8301 83 1
8302 11 1
8303 76 0
8304 71 1
8305 37 1
8306 33 1
8307 86 1
8308 87 1
8309 72 1
8310 74 1
8311 13 0
8312 94 1
8313 57 1
8314 7 0
8315 47 1
8316 5 1
8317 59 1
8318 36 0
8319 60 1
8320 70 0
8321 98 0
8322 9 1
8323 90 0
8324 48 1
8325 81 1
8326 18 1
8327 2 1
8328 53 1
8329 54 0
8330 100 0
8331 57 0
8332 31 1
8333 7 1
8334 97 1
8335 40 1
8336 56 0
8337 99 1
8338 20 0
8339 16 1
8340 97 0
8341 5 0
8342 31 1
8343 18 0
8344 15 0
8345 21 0
8346 28 0
8347 33 1
8348 77 1
8349 4 1
8350 88 1
8351 99 1
8352 19 0
8353 81 0
8354 87 0
8355 64 0
8356 51 0
8357 27 0
8358 18 0
8359 75 0
8360 75 0
8361 12 1
8362 39 1
8363 86 0
8364 48 1
8365 41 1
8366 65 1
8367 78 0
8368 29 1
8369 16 1
8370 25 1
8371 25 1
8372 68 0
8373 68 1
8374 14 1
8375 3 1
8376 41 0
8377 20 1
8378 49 1
8379 18 1
8380 91 1
8381 5 1
8382 42 1
8383 69 0
8384 34 1
8385 47 0
8386 78 0
8387 9 0
8388 55 1
8389 20 1
8390 83 1
8391 55 0
8392 33 1
8393 73 0
8394 31 0
8395 47 0
8396 34 0
8397 19 0
8398 29 0
8399 20 0
8400 24 1
8401 24 1
8402 50 0
8403 78 1
8404 25 0
8405 7 0
8406 17 1
8407 70 1
8408 16 0
8409 3 0
8410 88 0
8411 46 1
8412 81 0
8413 49 1
8414 33 1
8415 59 0
8416 5 1
8417 61 1
8418 10 1
8419 16 0
8420 40 0
8421 29 0
8422 1 1
8423 74 0
8424 33 0
8425 46 0
8426 85 0
8427 43 1
8428 17 0
8429 89 0
8430 87 1
8431 73 0
8432 24 0
8433 79 0
8434 17 1
8435 25 0
8436 7 1
8437 49 0
8438 50 0
8439 77 1
8440 72 0
8441 5 0
8442 44 0
8443 13 0
8444 69 1
8445 76 0
8446 86 1
8447 100 0
8448 10 0
8449 66 0
8450 96 1
8451 28 1
8452 6 0
8453 73 0
8454 73 1
8455 45 0
8456 98 1
8457 21 1
8458 24 0
8459 26 1
8460 10 0
8461 13 1
8462 18 1
8463 98 0
8464 98 0
8465 49 1
8466 29 1
8467 32 0
8468 2 1
8469 71 0
8470 73 1
8471 60 1
8472 22 0
8473 74 0
8474 34 0
8475 64 1
8476 91 0
8477 10 1
8478 71 0
8479 44 0
8480 72 1
8481 26 1
8482 30 0
8483 66 0
8484 34 0
8485 19 0
8486 50 1
8487 62 0
8488 32 1
8489 8 1
8490 88 1
8491 100 0
8492 40 1
8493 9 0
8494 22 0
8495 69 1
8496 60 0
8497 59 0
8498 7 1
8499 46 1
8500 54 0
8501 99 0
8502 96 0
8503 9 0
8504 61 1
8505 11 0
8506 89 1
8507 26 0
8508 97 0
8509 23 0
8510 78 1
8511 91 1
8512 3 0
8513 53 0
8514 26 1
8515 40 1
8516 23 0
8517 90 0
8518 100 1
8519 43 1
8520 88 0
8521 98 0
8522 37 1
8523 53 1
8524 15 1
8525 4 1
8526 43 0
8527 80 1
8528 48 1
8529 44 1
8530 53 1
8531 67 1
8532 16 1
8533 43 0
8534 77 1
8535 62 1
8536 69 0
8537 31 1
8538 92 1
8539 11 1
8540 57 1
8541 72 0
8542 14 0
8543 93 0
8544 92 0
8545 76 1
8546 11 0
8547 5 0
8548 53 0
8549 15 1
8550 7 0
8551 16 0
8552 73 0
8553 100 0
8554 11 0
8555 86 1
8556 32 0
8557 82 1
8558 82 0
8559 74 0
8560 10 1
8561 92 1
8562 89 1
8563 44 0
8564 30 1
8565 98 1
8566 95 1
8567 74 0
8568 43 1
8569 2 1
8570 10 1
8571 47 1
8572 58 1
8573 96 1
8574 99 1
8575 51 1
8576 50 1
8577 73 1
8578 98 0
8579 1 0
8580 24 0
8581 52 0
8582 8 0
8583 27 1
8584 39 1
8585 4 1
8586 35 1
8587 18 1
8588 1 1
8589 8 1
8590 50 1
8591 76 0
8592 12 0
8593 40 0
8594 50 0
8595 76 0
8596 87 0
8597 41 0
8598 74 1
8599 17 1
8600 61 1
8601 8 0
8602 92 1
8603 11 0
8604 69 0
8605 19 1
8606 42 0
8607 16 0
8608 69 1
8609 43 1
8610 82 0
8611 88 0
8612 17 1
8613 100 1
8614 86 1
8615 74 1
8616 58 1
8617 52 0
8618 16 0
8619 21 0
8620 16 0
8621 29 1
8622 79 1
8623 28 1
8624 40 1
8625 42 1
8626 24 1
8627 11 0
8628 92 0
8629 98 1
8630 59 1
8631 79 0
8632 21 0
8633 13 1
8634 4 1
8635 65 1
8636 8 0
8637 77 1
8638 62 0
8639 88 0
8640 89 0
8641 63 1
8642 7 0
8643 71 0
8644 31 0
8645 43 0
8646 9 1
8647 4 0
8648 87 0
8649 3 1
8650 78 0
8651 48 1
8652 89 0
8653 41 1
8654 49 0
8655 92 1
8656 92 1
8657 68 1
8658 16 0
8659 49 0
8660 34 1
8661 47 0
8662 76 0
8663 1 0
8664 3 0
8665 70 1
8666 61 0
8667 56 1
8668 45 1
8669 31 0
8670 99 0
8671 20 0
8672 70 0
8673 94 0
8674 69 0
8675 9 0
8676 14 1
8677 54 1
8678 97 0
8679 46 0
8680 61 1
8681 66 1
8682 98 0
8683 33 1
8684 78 0
8685 28 0
8686 25 1
8687 75 1
8688 55 0
8689 41 1
8690 77 1
8691 70 0
8692 90 1
8693 47 0
8694 35 0
8695 34 0
8696 1 1
8697 10 0
8698 31 1
8699 9 1
8700 99 0
8701 84 1
8702 9 0
8703 11 0
8704 21 1
8705 17 0
8706 12 0
8707 74 1
8708 31 1
8709 47 1
8710 51 0
8711 14 0
8712 4 0
8713 63 1
8714 31 0
8715 98 0
8716 65 0
8717 87 1
8718 54 1
8719 70 1
8720 26 0
8721 98 0
8722 11 1
8723 43 1
8724 79 0
8725 10 0
8726 96 1
8727 86 0
8728 29 1
8729 17 0
8730 62 0
8731 69 0
8732 7 1
8733 92 0
8734 97 1
8735 13 0
8736 69 0
8737 95 1
8738 1 1
8739 58 0
8740 28 1
8741 28 1
8742 54 0
8743 38 1
8744 84 0
8745 72 1
8746 85 0
8747 79 1
8748 73 0
8749 64 0
8750 100 0
8751 19 1
8752 59 0
8753 58 1
8754 6 1
8755 15 0
8756 45 1
8757 29 0
8758 1 0
8759 78 1
8760 18 0
8761 92 0
8762 55 0
8763 33 1
8764 87 0
8765 63 1
8766 53 1
8767 26 1
8768 86 1
8769 73 1
8770 79 0
8771 34 1
8772 75 1
8773 13 1
8774 42 0
8775 65 1
8776 58 0
8777 16 1
8778 20 1
8779 94 0
8780 50 1
8781 25 1
8782 76 0
8783 84 0
8784 84 1
8785 93 1
8786 99 1
8787 18 1
8788 9 0
8789 15 0
8790 44 0
8791 48 0
8792 12 1
8793 50 1
8794 25 1
8795 76 1
8796 41 0
8797 86 0
8798 15 0
8799 34 1
8800 1 1
8801 45 0
8802 42 1
8803 93 0
8804 83 1
8805 72 0
8806 67 1
8807 59 0
8808 96 0
8809 72 0
8810 41 0
8811 49 1
8812 20 0
8813 86 1
8814 80 0
8815 72 1
8816 56 1
8817 91 0
8818 77 1
8819 69 1
8820 46 1
8821 60 1
8822 36 1
8823 86 1
8824 75 0
8825 59 1
8826 4 1
8827 63 0
8828 56 0
8829 100 0
8830 75 0
8831 74 1
8832 53 0
8833 93 0
8834 35 1
8835 43 0
8836 53 0
8837 23 1
8838 98 0
8839 33 1
8840 20 0
8841 63 0
8842 74 1
8843 27 1
8844 64 1
8845 9 0
8846 94 1
8847 76 0
8848 72 0
8849 20 0
8850 76 0
8851 99 1
8852 44 1
8853 8 0
8854 1 1
8855 95 0
8856 20 1
8857 67 0
8858 8 0
8859 68 0
8860 69 0
8861 29 0
8862 67 1
8863 61 0
8864 70 0
8865 44 0
8866 52 1
8867 72 0
8868 31 0
8869 69 0
8870 18 1
8871 18 1
8872 70 1
8873 96 1
8874 93 0
8875 100 1
8876 73 0
8877 44 0
8878 13 1
8879 38 0
8880 50 1
8881 5 0
8882 16 1
8883 56 1
8884 43 1
8885 88 1
8886 84 0
8887 32 0
8888 78 1
8889 43 0
8890 6 0
8891 89 0
8892 62 1
8893 78 0
8894 17 1
8895 31 1
8896 92 1
8897 78 0
8898 75 1
8899 57 0
8900 51 1
8901 26 1
8902 95 0
8903 58 0
8904 96 0
8905 34 1
8906 90 0
8907 88 1
8908 27 0
8909 54 1
8910 54 0
8911 52 1
8912 56 1
8913 13 1
8914 2 0
8915 40 1
8916 36 1
8917 43 0
8918 43 0
8919 67 1
8920 25 1
8921 1 1
8922 45 1
8923 69 0
8924 41 1
8925 69 0
8926 96 1
8927 1 1
8928 79 1
8929 24 0
8930 96 1
8931 21 0
8932 92 1
8933 67 1
8934 81 0
8935 53 0
8936 40 1
8937 14 0
8938 3 1
8939 92 1
8940 19 0
8941 87 1
8942 44 1
8943 61 1
8944 77 0
8945 100 1
8946 53 1
8947 68 1
8948 93 1
8949 65 0
8950 24 1
8951 58 1
8952 62 1
8953 43 1
8954 57 0
8955 37 1
8956 57 0
8957 76 1
8958 92 1
8959 38 1
8960 40 0
8961 29 1
8962 61 1
8963 36 1
8964 55 0
8965 6 0
8966 13 1
8967 48 0
8968 21 0
8969 30 0
8970 94 0
8971 35 0
8972 28 0
8973 8 0
8974 99 1
8975 22 1
8976 10 0
8977 3 0
8978 73 1
8979 2 0
8980 41 0
8981 98 0
8982 51 0
8983 41 0
8984 31 1
8985 85 1
8986 26 1
8987 3 0
8988 14 0
8989 22 0
8990 14 0
8991 26 0
8992 34 1
8993 53 0
8994 32 0
8995 95 0
8996 54 0
8997 49 0
8998 6 1
8999 73 1
9000 12 0
9001 88 0
9002 34 0
9003 49 1
9004 46 0
9005 32 1
9006 83 0
9007 13 0
9008 41 0
9009 76 1
9010 14 1
9011 60 1
9012 49 1
9013 71 0
9014 2 1
9015 38 0
9016 98 0
9017 93 1
9018 53 0
9019 97 1
9020 29 1
9021 48 1
9022 81 0
9023 1 0
9024 1 0
9025 76 1
9026 88 1
9027 36 1
9028 87 0
9029 79 1
9030 96 0
9031 10 1
9032 99 1
9033 51 0
9034 83 0
9035 91 0
9036 85 1
9037 55 0
9038 76 0
9039 60 1
9040 69 1
9041 57 1
9042 17 1
9043 42 0
9044 10 0
9045 59 0
9046 3 0
9047 55 1
9048 74 1
9049 17 1
9050 85 0
9051 62 0
9052 41 1
9053 73 1
9054 33 1
9055 79 1
9056 2 0
9057 95 1
9058 25 0
9059 85 0
9060 70 0
9061 33 1
9062 67 0
9063 55 0
9064 88 1
9065 88 1
9066 14 1
9067 95 0
9068 5 1
9069 93 0
9070 43 0
9071 70 0
9072 78 1
9073 33 0
9074 64 1
9075 94 0
9076 97 1
9077 90 1
9078 97 0
9079 47 0
9080 56 0
9081 92 0
9082 54 0
9083 95 1
9084 66 1
9085 72 0
9086 26 0
9087 29 0
9088 80 1
9089 21 1
9090 19 0
9091 49 0
9092 33 1
9093 94 0
9094 24 1
9095 54 0
9096 34 0
9097 29 0
9098 86 0
9099 83 1
9100 19 1
9101 11 0
9102 31 0
9103 40 1
9104 36 0
9105 41 0
9106 30 0
9107 18 0
9108 33 1
9109 8 0
9110 76 0
9111 86 1
9112 91 0
9113 66 1
9114 12 0
9115 38 1
9116 40 1
9117 4 0
9118 33 0
9119 2 0
9120 23 1
9121 50 1
9122 35 0
9123 85 0
9124 94 0
9125 66 1
9126 14 0
9127 37 1
9128 73 0
9129 45 1
9130 39 0
9131 23 1
9132 86 0
9133 87 0
9134 4 1
9135 40 0
9136 60 1
9137 4 0
9138 32 1
9139 93 0
9140 90 1
9141 6 1
9142 53 0
9143 92 1
9144 75 1
9145 40 0
9146 24 1
9147 53 1
9148 52 1
9149 70 1
9150 8 0
9151 30 1
9152 11 0
9153 94 1
9154 16 0
9155 67 0
9156 48 1
9157 1 0
9158 41 1
9159 19 1
9160 62 1
9161 96 0
9162 97 1
9163 33 1
9164 50 0
9165 23 0
9166 74 0
9167 68 0
9168 17 1
9169 21 0
9170 7 0
9171 19 0
9172 61 1
9173 95 0
9174 18 0
9175 6 0
9176 52 1
9177 96 1
9178 73 1
9179 19 0
9180 69 0
9181 96 1
9182 58 0
9183 34 1
9184 32 0
9185 18 1
9186 58 0
9187 85 0
9188 11 0
9189 99 0
9190 89 1
9191 29 0
9192 4 0
9193 58 0
9194 68 1
9195 87 0
9196 8 1
9197 99 1
9198 42 1
9199 31 0
9200 23 0
9201 19 1
9202 44 1
9203 81 0
9204 85 1
9205 67 0
9206 49 1
9207 15 0
9208 22 1
9209 68 1
9210 91 0
9211 64 0
9212 43 1
9213 53 0
9214 72 0
9215 13 1
9216 99 1
9217 65 0
9218 74 1
9219 46 1
9220 83 1
9221 49 1
9222 59 1
9223 13 1
9224 87 1
9225 20 1
9226 45 1
9227 68 1
9228 66 1
9229 45 0
9230 19 0
9231 22 0
9232 14 0
9233 31 0
9234 78 1
9235 74 1
9236 50 0
9237 34 0
9238 6 0
9239 91 1
9240 62 0
9241 8 1
9242 94 1
9243 33 1
9244 78 0
9245 33 1
9246 87 0
9247 19 1
9248 67 0
9249 99 1
9250 90 1
9251 75 1
9252 77 1
9253 82 1
9254 38 1
9255 37 1
9256 83 1
9257 93 1
9258 67 1
9259 80 1
9260 22 0
9261 43 1
9262 37 0
9263 83 1
9264 39 0
9265 47 1
9266 98 1
9267 82 0
9268 32 1
9269 57 0
9270 31 1
9271 23 1
9272 3 1
9273 78 1
9274 83 1
9275 53 0
9276 59 0
9277 40 0
9278 28 1
9279 84 0
9280 48 1
9281 64 0
9282 20 0
9283 78 1
9284 60 1
9285 86 0
9286 26 1
9287 12 0
9288 13 1
9289 1 0
9290 26 0
9291 43 1
9292 88 0
9293 24 0
9294 77 0
9295 40 1
9296 65 1
9297 70 0
9298 38 1
9299 37 1
9300 20 0
9301 11 0
9302 86 1
9303 49 0
9304 89 0
9305 32 1
9306 73 1
9307 36 1
9308 89 0
9309 31 1
9310 66 0
9311 60 1
9312 99 1
9313 56 0
9314 60 0
9315 13 0
9316 12 0
9317 98 0
9318 7 0
9319 2 1
9320 16 1
9321 84 0
9322 63 1
9323 62 0
9324 54 1
9325 68 0
9326 69 0
9327 4 0
9328 76 1
9329 20 0
9330 20 0
9331 88 1
9332 52 0
9333 24 1
9334 78 0
9335 91 1
9336 20 1
9337 69 0
9338 96 1
9339 42 1
9340 20 1
9341 13 1
9342 90 1
9343 84 0
9344 95 0
9345 24 1
9346 52 1
9347 88 0
9348 65 0
9349 33 1
9350 50 0
9351 56 0
9352 44 1
9353 35 1
9354 69 0
9355 52 0
9356 66 0
9357 76 1
9358 27 0
9359 100 1
9360 72 0
9361 69 0
9362 47 0
9363 33 0
9364 22 1
9365 72 0
9366 35 0
9367 88 0
9368 73 0
9369 37 1
9370 37 1
9371 52 1
9372 88 0
9373 74 1
9374 6 1
9375 3 1
9376 96 0
9377 27 1
9378 94 1
9379 25 1
9380 36 1
9381 27 0
9382 74 1
9383 1 1
9384 37 0
9385 97 0
9386 84 1
9387 53 0
9388 87 0
9389 27 1
9390 14 1
9391 2 1
9392 38 1
9393 38 0
9394 40 1
9395 22 0
9396 34 1
9397 84 1
9398 33 0
9399 61 0
9400 11 0
9401 5 0
9402 58 1
9403 25 1
9404 46 0
9405 54 1
9406 36 1
9407 21 1
9408 10 1
9409 46 0
9410 97 1
9411 34 0
9412 88 0
9413 100 1
9414 79 1
9415 53 1
9416 16 1
9417 26 1
9418 68 1
9419 18 0
9420 25 1
9421 85 0
9422 47 0
9423 72 1
9424 73 1
9425 30 0
9426 69 0
9427 55 1
9428 78 1
9429 3 0
9430 1 1
9431 48 0
9432 82 0
9433 56 0
9434 13 0
9435 73 1
9436 29 1
9437 10 0
9438 19 1
9439 55 1
9440 30 1
9441 7 0
9442 89 1
9443 1 0
9444 69 1
9445 88 1
9446 85 0
9447 40 1
9448 19 0
9449 30 1
9450 94 1
9451 50 0
9452 9 1
9453 98 0
9454 52 1
9455 85 1
9456 29 0
9457 65 1
9458 20 0
9459 10 1
9460 96 0
9461 89 0
9462 78 1
9463 71 0
9464 15 0
9465 54 1
9466 65 1
9467 92 0
9468 57 0
9469 81 0
9470 11 1
9471 4 1
9472 30 0
9473 60 1
9474 50 0
9475 5 1
9476 11 1
9477 8 0
9478 25 0
9479 43 1
9480 100 1
9481 2 1
9482 52 1
9483 33 1
9484 81 1
9485 99 1
9486 15 0
9487 2 1
9488 6 0
9489 84 0
9490 64 1
9491 25 0
9492 43 0
9493 18 0
9494 60 0
9495 38 0
9496 20 0
9497 19 1
9498 99 0
9499 91 0
9500 66 1
9501 23 1
9502 17 1
9503 88 1
9504 4 1
9505 32 0
9506 41 0
9507 99 1
9508 31 0
9509 95 0
9510 18 0
9511 92 1
9512 31 0
9513 85 1
9514 84 1
9515 39 0
9516 39 0
9517 67 0
9518 64 0
9519 61 1
9520 21 0
9521 37 1
9522 89 1
9523 11 1
9524 27 1
9525 19 0
9526 56 1
9527 67 0
9528 31 1
9529 15 1
9530 13 0
9531 33 1
9532 41 1
9533 77 0
9534 28 0
9535 7 0
9536 60 0
9537 36 1
9538 41 1
9539 61 1
9540 92 0
9541 37 1
9542 32 0
9543 69 0
9544 66 0
9545 67 1
9546 50 0
9547 52 1
9548 90 0
9549 2 0
9550 45 0
9551 60 0
9552 73 1
9553 30 0
9554 96 1
9555 68 0
9556 37 0
9557 35 0
9558 93 1
9559 64 1
9560 92 0
9561 27 0
9562 89 1
9563 62 1
9564 53 0
9565 29 0
9566 80 1
9567 45 0
9568 56 0
9569 66 0
9570 78 1
9571 78 0
9572 10 1
9573 67 1
9574 51 1
9575 2 1
9576 43 0
9577 92 1
9578 88 0
9579 45 1
9580 99 1
9581 16 1
9582 24 0
9583 38 1
9584 14 1
9585 19 0
9586 8 0
9587 81 0
9588 12 0
9589 58 1
9590 47 1
9591 20 0
9592 33 1
9593 22 0
9594 62 1
9595 74 0
9596 18 0
9597 21 0
9598 97 0
9599 3 0
9600 34 1
9601 36 0
9602 33 0
9603 58 1
9604 50 1
9605 3 0
9606 12 0
9607 5 0
9608 85 1
9609 17 0
9610 24 0
9611 37 0
9612 41 0
9613 41 1
9614 48 0
9615 56 0
9616 12 0
9617 70 0
9618 93 0
9619 45 1
9620 44 1
9621 68 0
9622 10 0
9623 3 1
9624 100 1
9625 48 1
9626 13 1
9627 46 0
9628 8 0
9629 76 1
9630 52 0
9631 100 1
9632 21 1
9633 9 0
9634 96 0
9635 93 1
9636 26 0
9637 83 1
9638 66 1
9639 8 1
9640 61 1
9641 85 1
9642 65 1
9643 96 0
9644 76 1
9645 94 1
9646 81 1
9647 56 0
9648 16 1
9649 9 0
9650 39 1
9651 44 1
9652 73 1
9653 90 1
9654 94 1
9655 37 1
9656 24 0
9657 6 0
9658 8 0
9659 4 0
9660 8 1
9661 67 0
9662 99 1
9663 68 0
9664 25 0
9665 29 0
9666 17 0
9667 56 1
9668 4 1
9669 59 0
9670 45 0
9671 58 1
9672 93 0
9673 88 1
9674 35 0
9675 43 0
9676 16 1
9677 2 1
9678 35 0
9679 32 1
9680 93 1
9681 3 0
9682 51 0
9683 10 0
9684 88 1
9685 35 0
9686 24 1
9687 27 1
9688 49 0
9689 79 0
9690 65 1
9691 31 0
9692 20 0
9693 49 0
9694 44 1
9695 28 0
9696 39 0
9697 61 1
9698 24 0
9699 38 0
9700 99 0
9701 97 0
9702 37 0
9703 20 1
9704 19 1
9705 98 0
9706 11 0
9707 80 1
9708 89 1
9709 18 0
9710 11 1
9711 91 1
9712 27 0
9713 40 1
9714 80 0
9715 91 0
9716 95 0
9717 63 0
9718 11 0
9719 96 1
9720 39 0
9721 67 1
9722 47 1
9723 84 1
9724 99 1
9725 61 1
9726 79 0
9727 11 0
9728 69 1
9729 48 0
9730 59 1
9731 11 0
9732 76 0
9733 83 1
9734 75 1
9735 4 1
9736 94 0
9737 76 0
9738 48 0
9739 61 1
9740 72 1
9741 68 1
9742 20 0
9743 94 1
9744 86 0
9745 92 0
9746 30 1
9747 88 1
9748 20 1
9749 50 0
9750 47 1
9751 80 1
9752 75 1
9753 86 1
9754 7 1
9755 45 0
9756 10 0
9757 62 0
9758 38 0
9759 69 1
9760 9 0
9761 54 1
9762 88 1
9763 35 1
9764 49 0
9765 88 1
9766 45 1
9767 76 1
9768 54 0
9769 29 0
9770 54 1
9771 22 0
9772 92 1
9773 2 0
9774 94 0
9775 83 0
9776 19 0
9777 80 1
9778 89 1
9779 16 0
9780 35 1
9781 93 0
9782 77 0
9783 36 0
9784 84 0
9785 5 0
9786 8 0
9787 4 1
9788 43 1
9789 21 1
9790 79 1
9791 70 1
9792 3 1
9793 91 0
9794 86 0
9795 15 0
9796 52 0
9797 28 0
9798 82 0
9799 83 0
9800 24 0
9801 49 0
9802 21 1
9803 17 1
9804 61 0
9805 19 1
9806 13 0
9807 84 1
9808 61 1
9809 7 0
9810 26 1
9811 40 1
9812 62 1
9813 98 0
9814 92 1
9815 66 0
9816 14 0
9817 70 0
9818 1 0
9819 75 0
9820 64 1
9821 32 0
9822 9 0
9823 98 0
9824 73 1
9825 88 1
9826 85 0
9827 10 0
9828 65 0
9829 40 0
9830 35 0
9831 53 1
9832 7 0
9833 44 1
9834 89 0
9835 48 1
9836 8 1
9837 99 1
9838 42 0
9839 40 0
9840 96 1
9841 61 0
9842 64 0
9843 74 1
9844 43 0
9845 96 1
9846 36 1
9847 96 1
9848 62 0
9849 51 1
9850 85 0
9851 54 0
9852 27 1
9853 98 0
9854 16 1
9855 22 1
9856 97 0
9857 92 1
9858 93 1
9859 60 1
9860 86 1
9861 42 1
9862 10 1
9863 3 0
9864 23 0
9865 7 0
9866 51 1
9867 2 1
9868 39 0
9869 39 0
9870 28 0
9871 44 1
9872 56 0
9873 79 1
9874 3 0
9875 52 0
9876 33 0
9877 28 0
9878 69 1
9879 97 1
9880 6 1
9881 32 0
9882 9 0
9883 83 0
9884 36 1
9885 75 0
9886 5 1
9887 57 1
9888 66 0
9889 63 1
9890 43 1
9891 21 1
9892 65 1
9893 36 0
9894 53 0
9895 60 1
9896 44 1
9897 45 1
9898 46 0
9899 47 1
9900 52 1
9901 22 1
9902 67 1
9903 70 0
9904 94 1
9905 15 1
9906 31 1
9907 57 0
9908 40 0
9909 56 1
9910 99 1
9911 22 0
9912 76 1
9913 75 1
9914 75 0
9915 92 0
9916 73 0
9917 71 0
9918 99 0
9919 7 0
9920 88 1
9921 81 1
9922 10 1
9923 2 1
9924 65 0
9925 42 1
9926 71 1
9927 4 1
9928 91 1
9929 82 0
9930 66 0
9931 71 1
9932 59 1
9933 12 1
9934 76 1
9935 80 0
9936 41 1
9937 7 0
9938 21 0
9939 53 1
9940 21 0
9941 22 0
9942 23 1
9943 77 0
9944 19 1
9945 66 0
9946 62 1
9947 92 0
9948 44 0
9949 75 1
9950 70 0
9951 21 0
9952 24 1
9953 11 0
9954 58 1
9955 26 0
9956 70 0
9957 26 1
9958 77 1
9959 67 1
9960 2 1
9961 94 1
9962 20 0
9963 11 1
9964 50 1
9965 89 1
9966 81 1
9967 81 0
9968 17 0
9969 43 0
9970 55 0
9971 57 1
9972 15 0
9973 89 0
9974 48 0
9975 52 0
9976 64 1
9977 40 0
9978 70 0
9979 44 0
9980 68 1
9981 58 1
9982 6 0
9983 66 0
9984 80 0
9985 95 0
9986 32 0
9987 33 0
9988 76 1
9989 10 0
9990 77 1
9991 30 1
9992 68 0
9993 74 1
9994 31 0
9995 86 0
9996 39 1
9997 85 0
9998 100 0
9999 34 0
