39 45 324
88 35 282
60 16 678
45 38 593
70 51 373
20 20 920
49 5 541
77 88 438
94 53 957
13 37 336
32 81 71
10 33 711
60 51 2
21 31 942
67 97 756
15 61 4
38 97 659
0 17 0
15 25 960
90 33 912
56 86 761
5 84 587
37 65 272
55 89 603
89 6 331
55 88 137
54 39 395
85 20 606
47 52 658
74 4 705
97 37 146
88 13 326
19 79 460
76 18 719
74 52 795
77 65 605
84 1 860
31 78 621
64 36 234
41 90 140
62 4 410
97 95 113
20 25 745
18 42 340
2 69 184
90 54 216
35 9 251
52 29 638
5 71 413
17 59 778
35 83 260
96 20 921
85 63 677
50 9 240
42 28 787
67 59 188
51 24 281
34 66 834
96 17 386
10 28 148
14 71 67
96 97 813
30 44 797
96 49 191
67 55 285
3 66 20
81 14 202
99 18 689
70 25 771
0 12 630
44 76 576
39 39 262
44 52 830
22 70 992
58 21 916
79 13 288
62 27 995
51 28 796
35 29 440
1 54 451
61 56 291
49 11 937
17 95 141
89 22 134
19 64 781
5 50 772
65 0 51
13 56 772
44 31 113
55 7 526
51 98 334
24 66 28
48 66 454
74 22 783
10 26 899
0 49 693
57 42 303
54 80 259
76 62 795
72 3 869
97 82 401
47 55 419
58 18 520
58 53 779
78 20 25
24 75 839
3 49 854
73 76 394
80 93 940
61 37 698
67 59 93
58 51 448
86 3 214
25 44 477
22 45 668
44 44 712
44 75 287
6 56 160
81 4 296
73 35 276
32 50 668
41 15 157
58 70 133
71 9 766
60 79 627
69 25 823
95 34 116
35 45 400
44 11 81
64 3 899
53 67 807
84 47 905
3 81 727
29 66 236
22 79 968
4 58 251
91 4 562
88 41 980
46 5 545
39 88 394
4 17 970
47 96 321
77 64 536
67 40 527
20 4 862
55 79 862
9 92 314
31 72 245
57 67 702
62 71 459
14 58 706
70 55 203
40 78 313
40 79 903
90 35 553
23 25 923
34 41 913
76 90 988
90 82 136
19 49 1
11 6 252
53 31 99
4 47 180
51 70 294
5 20 940
69 74 640
99 42 922
19 85 895
34 33 681
21 78 137
41 96 612
82 30 369
90 9 486
73 86 74
68 35 819
11 85 167
88 83 354
5 87 716
71 41 957
12 24 135
62 64 440
84 2 503
37 40 257
73 54 177
10 13 321
85 3 796
18 71 537
12 74 489
63 33 552
28 66 807
17 72 671
6 9 70
0 35 815
66 46 716
90 28 195
17 84 267
64 49 217
31 6 505
70 50 637
28 74 741
49 6 151
47 14 956
76 8 14
98 36 294
66 60 103
39 22 677
50 94 780
24 90 505
44 41 802
95 85 822
67 44 350
80 38 982
36 43 902
85 30 666
70 55 485
30 7 175
51 89 28
63 70 867
79 4 668
1 68 267
45 61 538
59 97 192
16 9 457
2 17 769
6 83 835
30 70 230
67 83 845
89 53 561
38 8 181
48 19 245
99 38 856
35 69 480
3 59 108
15 94 549
36 35 961
47 36 953
5 50 422
18 49 930
51 55 53
48 31 28
97 73 224
27 9 430
86 29 886
55 44 656
61 67 935
48 26 405
52 7 646
29 98 595
88 46 833
10 49 541
8 0 404
79 51 254
89 12 540
43 30 63
39 88 487
89 37 682
53 33 975
61 79 888
90 95 225
68 5 415
69 83 905
19 73 357
29 75 653
84 25 917
84 0 752
56 73 958
9 18 460
49 80 867
81 80 955
14 46 409
53 63 525
68 28 576
80 51 929
27 42 178
51 68 900
84 92 231
31 52 835
93 99 488
0 23 556
42 83 888
7 22 504
55 55 938
42 8 144
30 83 188
75 30 217
52 41 651
88 99 543
91 73 440
85 6 964
92 98 28
84 62 838
14 20 269
67 20 909
84 23 113
52 85 51
2 4 214
8 6 881
22 29 846
10 44 231
51 78 755
